0,0.02921,0
0.000125164870738238,0.02921,0
0.000250329741476475,0.02921,0
0.000375494612214713,0.02921,0
0.000500659482952951,0.02921,0
0.000625824353691188,0.02921,0
0.000750989224429426,0.02921,0
0.000876154095167663,0.02921,0
0.0010013189659059,0.02921,0
0.00112648383664414,0.02921,0
0.00125164870738238,0.02921,0
0.00137681357812061,0.02921,0
0.00150197844885885,0.02921,0
0.00162714331959709,0.02921,0
0.00175230819033533,0.02921,0
0.00187747306107356,0.02921,0
0.0020026379318118,0.02921,0
0.00212780280255004,0.02921,0
0.00225296767328828,0.02921,0
0.00237813254402652,0.02921,0
0.00250329741476475,0.02921,0
0.00262846228550299,0.02921,0
0.00275362715624123,0.02921,0
0.00287879202697947,0.02921,0
0.0030039568977177,0.02921,0
0.00312912176845594,0.02921,0
0.00325428663919418,0.02921,0
0.00337945150993242,0.02921,0
0.00350461638067065,0.02921,0
0.00362978125140889,0.02921,0
0.00375494612214713,0.02921,0
0.00388011099288537,0.02921,0
0.0040052758636236,0.02921,0
0.00413044073436184,0.02921,0
0.00425560560510008,0.02921,0
0.00438077047583832,0.02921,0
0.00450593534657656,0.02921,0
0.00463110021731479,0.02921,0
0.00475626508805303,0.02921,0
0.00488142995879127,0.02921,0
0.00500659482952951,0.02921,0
0.00513175970026774,0.02921,0
0.00525692457100598,0.02921,0
0.00538208944174422,0.02921,0
0.00550725431248246,0.02921,0
0.00563241918322069,0.02921,0
0.00575758405395893,0.02921,0
0.00588274892469717,0.02921,0
0.00600791379543541,0.02921,0
0.00613307866617365,0.02921,0
0.00625824353691188,0.02921,0
0.00638340840765012,0.02921,0
0.00650857327838836,0.02921,0
0.00663373814912659,0.02921,0
0.00675890301986483,0.02921,0
0.00688406789060307,0.02921,0
0.00700923276134131,0.02921,0
0.00713439763207955,0.02921,0
0.00725956250281778,0.02921,0
0.00738472737355602,0.02921,0
0.00750989224429426,0.02921,0
0.0076350571150325,0.02921,0
0.00776022198577073,0.02921,0
0.00788538685650897,0.02921,0
0.00801055172724721,0.02921,0
0.00813571659798545,0.02921,0
0.00826088146872368,0.02921,0
0.00838604633946192,0.02921,0
0.00851121121020016,0.02921,0
0.0086363760809384,0.02921,0
0.00876154095167664,0.02921,0
0.00888670582241487,0.02921,0
0.00901187069315311,0.02921,0
0.00913703556389135,0.02921,0
0.00926220043462959,0.02921,0
0.00938736530536782,0.02921,0
0.00951253017610606,0.02921,0
0.0096376950468443,0.02921,0
0.00976285991758254,0.02921,0
0.00988802478832077,0.02921,0
0.010013189659059,0.02921,0
0.0101383545297972,0.02921,0
0.0102635194005355,0.02921,0
0.0103886842712737,0.02921,0
0.010513849142012,0.02921,0
0.0106390140127502,0.02921,0
0.0107641788834884,0.02921,0
0.0108893437542267,0.02921,0
0.0110145086249649,0.02921,0
0.0111396734957032,0.02921,0
0.0112648383664414,0.02921,0
0.0113900032371796,0.02921,0
0.0115151681079179,0.02921,0
0.0116403329786561,0.02921,0
0.0117654978493943,0.02921,0
0.0118906627201326,0.02921,0
0.0120158275908708,0.02921,0
0.0121409924616091,0.02921,0
0.0122661573323473,0.02921,0
0.0123913222030855,0.02921,0
0.0125164870738238,0.02921,0
0.012641651944562,0.02921,0
0.0127668168153002,0.02921,0
0.0128919816860385,0.02921,0
0.0130171465567767,0.02921,0
0.013142311427515,0.02921,0
0.0132674762982532,0.02921,0
0.0133926411689914,0.02921,0
0.0135178060397297,0.02921,0
0.0136429709104679,0.02921,0
0.0137681357812061,0.02921,0
0.0138933006519444,0.02921,0
0.0140184655226826,0.02921,0
0.0141436303934209,0.02921,0
0.0142687952641591,0.02921,0
0.0143939601348973,0.02921,0
0.0145191250056356,0.02921,0
0.0146442898763738,0.02921,0
0.014769454747112,0.02921,0
0.0148946196178503,0.02921,0
0.0150197844885885,0.02921,0
0.0151449493593268,0.02921,0
0.015270114230065,0.02921,0
0.0153952791008032,0.02921,0
0.0155204439715415,0.02921,0
0.0156456088422797,0.02921,0
0.0157707737130179,0.02921,0
0.0158959385837562,0.02921,0
0.0160211034544944,0.02921,0
0.0161462683252327,0.02921,0
0.0162714331959709,0.02921,0
0.0163965980667091,0.02921,0
0.0165217629374474,0.02921,0
0.0166469278081856,0.02921,0
0.0167720926789238,0.02921,0
0.0168972575496621,0.02921,0
0.0170224224204003,0.02921,0
0.0171475872911386,0.02921,0
0.0172727521618768,0.02921,0
0.017397917032615,0.02921,0
0.0175230819033533,0.02921,0
0.0176482467740915,0.02921,0
0.0177734116448297,0.02921,0
0.017898576515568,0.02921,0
0.0180237413863062,0.02921,0
0.0181489062570445,0.02921,0
0.0182740711277827,0.02921,0
0.0183992359985209,0.02921,0
0.0185244008692592,0.02921,0
0.0186495657399974,0.02921,0
0.0187747306107356,0.02921,0
0.0188998954814739,0.02921,0
0.0190250603522121,0.02921,0
0.0191502252229504,0.02921,0
0.0192753900936886,0.02921,0
0.0194005549644268,0.02921,0
0.0195257198351651,0.02921,0
0.0196508847059033,0.02921,0
0.0197760495766415,0.02921,0
0.0199012144473798,0.02921,0
0.020026379318118,0.02921,0
0.0201515441888563,0.02921,0
0.0202767090595945,0.02921,0
0.0204018739303327,0.02921,0
0.020527038801071,0.02921,0
0.0206522036718092,0.02921,0
0.0207773685425475,0.02921,0
0.0209025334132857,0.02921,0
0.0210276982840239,0.02921,0
0.0211528631547622,0.02921,0
0.0212780280255004,0.02921,0
0.0214031928962386,0.02921,0
0.0215283577669769,0.02921,0
0.0216535226377151,0.02921,0
0.0217786875084534,0.02921,0
0.0219038523791916,0.02921,0
0.0220290172499298,0.02921,0
0.0221541821206681,0.02921,0
0.0222793469914063,0.02921,0
0.0224045118621445,0.02921,0
0.0225296767328828,0.02921,0
0.022654841603621,0.02921,0
0.0227800064743593,0.02921,0
0.0229051713450975,0.02921,0
0.0230303362158357,0.02921,0
0.023155501086574,0.02921,0
0.0232806659573122,0.02921,0
0.0234058308280504,0.02921,0
0.0235309956987887,0.02921,0
0.0236561605695269,0.02921,0
0.0237813254402652,0.02921,0
0.0239064903110034,0.02921,0
0.0240316551817416,0.02921,0
0.0241568200524799,0.02921,0
0.0242819849232181,0.02921,0
0.0244071497939563,0.02921,0
0.0245323146646946,0.02921,0
0.0246574795354328,0.02921,0
0.0247826444061711,0.02921,0
0.0249078092769093,0.02921,0
0.0250329741476475,0.02921,0
0.0251581390183858,0.02921,0
0.025283303889124,0.02921,0
0.0254084687598622,0.02921,0
0.0255336336306005,0.02921,0
0.0256587985013387,0.02921,0
0.025783963372077,0.02921,0
0.0259091282428152,0.02921,0
0.0260342931135534,0.02921,0
0.0261594579842917,0.02921,0
0.0262846228550299,0.02921,0
0.0264097877257681,0.02921,0
0.0265349525965064,0.02921,0
0.0266601174672446,0.02921,0
0.0267852823379829,0.02921,0
0.0269104472087211,0.02921,0
0.0270356120794593,0.02921,0
0.0271607769501976,0.02921,0
0.0272859418209358,0.02921,0
0.027411106691674,0.02921,0
0.0275362715624123,0.02921,0
0.0276614364331505,0.02921,0
0.0277866013038888,0.02921,0
0.027911766174627,0.02921,0
0.0280369310453652,0.02921,0
0.0281620959161035,0.02921,0
0.0282872607868417,0.02921,0
0.0284124256575799,0.02921,0
0.0285375905283182,0.02921,0
0.0286627553990564,0.02921,0
0.0287879202697947,0.02921,0
0.0289130851405329,0.02921,0
0.0290382500112711,0.02921,0
0.0291634148820094,0.02921,0
0.0292885797527476,0.02921,0
0.0294137446234858,0.02921,0
0.0295389094942241,0.02921,0
0.0296640743649623,0.02921,0
0.0297892392357006,0.02921,0
0.0299144041064388,0.02921,0
0.030039568977177,0.02921,0
0.0301647338479153,0.02921,0
0.0302898987186535,0.02921,0
0.0304150635893917,0.02921,0
0.03054022846013,0.02921,0
0.0306653933308682,0.02921,0
0.0307905582016065,0.02921,0
0.0309157230723447,0.02921,0
0.0310408879430829,0.02921,0
0.0311660528138212,0.02921,0
0.0312912176845594,0.02921,0
0.0314163825552976,0.02921,0
0.0315415474260359,0.02921,0
0.0316667122967741,0.02921,0
0.0317918771675124,0.02921,0
0.0319170420382506,0.02921,0
0.0320422069089888,0.02921,0
0.0321673717797271,0.02921,0
0.0322925366504653,0.02921,0
0.0324177015212036,0.02921,0
0.0325428663919418,0.02921,0
0.03266803126268,0.02921,0
0.0327931961334183,0.02921,0
0.0329183610041565,0.02921,0
0.0330435258748947,0.02921,0
0.033168690745633,0.02921,0
0.0332938556163712,0.02921,0
0.0334190204871095,0.02921,0
0.0335441853578477,0.02921,0
0.0336693502285859,0.02921,0
0.0337945150993242,0.02921,0
0.0339196799700624,0.02921,0
0.0340448448408006,0.02921,0
0.0341700097115389,0.02921,0
0.0342951745822771,0.02921,0
0.0344203394530154,0.02921,0
0.0345455043237536,0.02921,0
0.0346706691944918,0.02921,0
0.0347958340652301,0.02921,0
0.0349209989359683,0.02921,0
0.0350461638067065,0.02921,0
0.0351713286774448,0.02921,0
0.035296493548183,0.02921,0
0.0354216584189213,0.02921,0
0.0355468232896595,0.02921,0
0.0356719881603977,0.02921,0
0.035797153031136,0.02921,0
0.0359223179018742,0.02921,0
0.0360474827726124,0.02921,0
0.0361726476433507,0.02921,0
0.0362978125140889,0.02921,0
0.0364229773848272,0.02921,0
0.0365481422555654,0.02921,0
0.0366733071263036,0.02921,0
0.0367984719970419,0.02921,0
0.0369236368677801,0.02921,0
0.0370488017385183,0.02921,0
0.0371739666092566,0.02921,0
0.0372991314799948,0.02921,0
0.0374242963507331,0.02921,0
0.0375494612214713,0.02921,0
0.0376746260922095,0.02921,0
0.0377997909629478,0.02921,0
0.037924955833686,0.02921,0
0.0380501207044242,0.02921,0
0.0381752855751625,0.02921,0
0.0383004504459007,0.02921,0
0.038425615316639,0.02921,0
0.0385507801873772,0.02921,0
0.0386759450581154,0.02921,0
0.0388011099288537,0.02921,0
0.0389262747995919,0.02921,0
0.0390514396703301,0.02921,0
0.0391766045410684,0.02921,0
0.0393017694118066,0.02921,0
0.0394269342825449,0.02921,0
0.0395520991532831,0.02921,0
0.0396772640240213,0.02921,0
0.0398024288947596,0.02921,0
0.0399275937654978,0.02921,0
0.0400527586362361,0.02921,0
0.0401779235069743,0.02921,0
0.0403030883777125,0.02921,0
0.0404282532484508,0.02921,0
0.040553418119189,0.02921,0
0.0406785829899272,0.02921,0
0.0408037478606655,0.02921,0
0.0409289127314037,0.02921,0
0.0410540776021419,0.02921,0
0.0411792424728802,0.02921,0
0.0413044073436184,0.02921,0
0.0414295722143567,0.02921,0
0.0415547370850949,0.02921,0
0.0416799019558331,0.02921,0
0.0418050668265714,0.02921,0
0.0419302316973096,0.02921,0
0.0420553965680478,0.02921,0
0.0421805614387861,0.02921,0
0.0423057263095243,0.02921,0
0.0424308911802626,0.02921,0
0.0425560560510008,0.02921,0
0.042681220921739,0.02921,0
0.0428063857924773,0.02921,0
0.0429315506632155,0.02921,0
0.0430567155339538,0.02921,0
0.043181880404692,0.02921,0
0.0433070452754302,0.02921,0
0.0434322101461685,0.0292099832389064,0
0.0435573750169067,0.0292098262445789,0
0.0436825398876449,0.0292095038857349,0
0.0438077047583832,0.029209016157291,0
0.0439328696291214,0.029208363093091,0
0.0440580344998596,0.0292075447241288,0
0.0441831993705979,0.0292065610160973,0
0.0443083642413361,0.0292054119495592,0
0.0444335291120744,0.0292040975129341,0
0.0445586939828126,0.029202617726655,0
0.0446838588535508,0.0292009725819037,0
0.0448090237242891,0.0291991620589248,0
0.0449341885950273,0.0291971861408554,0
0.0450593534657656,0.0291950448202011,0
0.0451845183365038,0.029192738101873,0
0.045309683207242,0.0291902659667176,0
0.0454348480779803,0.0291876283953244,0
0.0455600129487185,0.0291848253691945,0
0.0456851778194567,0.0291818568843464,0
0.045810342690195,0.0291787229283083,0
0.0459355075609332,0.0291754234790574,0
0.0460606724316715,0.0291719585148154,0
0.0461858373024097,0.029168328016739,0
0.0463110021731479,0.0291645319762502,0
0.0464361670438862,0.0291605703706011,0
0.0465613319146244,0.0291564431749465,0
0.0466864967853626,0.0291521503642326,0
0.0468116616561009,0.0291476919203134,0
0.0469368265268391,0.0291430678246911,0
0.0470619913975774,0.0291382780494185,0
0.0471871562683156,0.0291333225661875,0
0.0473123211390538,0.0291282013470904,0
0.0474374860097921,0.029122914372391,0
0.0475626508805303,0.0291174616139459,0
0.0476878157512685,0.0291118430401711,0
0.0478129806220068,0.0291060586189696,0
0.047938145492745,0.0291001083207041,0
0.0480633103634833,0.029093992119767,0
0.0481884752342215,0.0290877099817381,0
0.0483136401049597,0.029081261871153,0
0.048438804975698,0.0290746477519566,0
0.0485639698464362,0.0290678675931196,0
0.0486891347171744,0.0290609213610713,0
0.0488142995879127,0.0290538090169585,0
0.0489394644586509,0.0290465305212735,0
0.0490646293293892,0.0290390858345107,0
0.0491897942001274,0.0290314749222988,0
0.0493149590708656,0.029023697744133,0
0.0494401239416039,0.0290157542570576,0
0.0495652888123421,0.0290076444174066,0
0.0496904536830803,0.0289993681826349,0
0.0498156185538186,0.0289909255131779,0
0.0499407834245568,0.0289823163630469,0
0.0500659482952951,0.0289735406850804,0
0.0501911131660333,0.0289645984313653,0
0.0503162780367715,0.0289554895563557,0
0.0504414429075098,0.0289462140144187,0
0.050566607778248,0.0289367717548942,0
0.0506917726489862,0.0289271627263319,0
0.0508169375197245,0.0289173868765666,0
0.0509421023904627,0.0289074441566368,0
0.051067267261201,0.0288973345148167,0
0.0511924321319392,0.0288870578960961,0
0.0513175970026774,0.0288766142446647,0
0.0514427618734157,0.0288660035041991,0
0.0515679267441539,0.0288552256214753,0
0.0516930916148921,0.0288442805393427,0
0.0518182564856304,0.0288331681983906,0
0.0519434213563686,0.0288218885383831,0
0.0520685862271069,0.0288104414987714,0
0.0521937510978451,0.0287988270216288,0
0.0523189159685833,0.0287870450448039,0
0.0524440808393216,0.0287750955044206,0
0.0525692457100598,0.0287629783357563,0
0.052694410580798,0.0287506934738662,0
0.0528195754515363,0.0287382408559585,0
0.0529447403222745,0.0287256204151141,0
0.0530699051930128,0.0287128320829292,0
0.053195070063751,0.0286998757901344,0
0.0533202349344892,0.0286867514671802,0
0.0534453998052275,0.0286734590463768,0
0.0535705646759657,0.0286599984561646,0
0.053695729546704,0.028646369623551,0
0.0538208944174422,0.0286325724746594,0
0.0539460592881804,0.0286186069351448,0
0.0540712241589187,0.0286044729323897,0
0.0541963890296569,0.0285901703902869,0
0.0543215539003951,0.0285756992311928,0
0.0544467187711334,0.0285610593765631,0
0.0545718836418716,0.0285462507471356,0
0.0546970485126098,0.0285312732652256,0
0.0548222133833481,0.028516126850298,0
0.0549473782540863,0.0285008114199956,0
0.0550725431248246,0.0284853268910437,0
0.0551977079955628,0.0284696731792609,0
0.055322872866301,0.0284538502015389,0
0.0554480377370393,0.0284378578731196,0
0.0555732026077775,0.0284216961068671,0
0.0556983674785158,0.0284053648147115,0
0.055823532349254,0.0283888639076441,0
0.0559486972199922,0.0283721932966811,0
0.0560738620907305,0.0283553528929607,0
0.0561990269614687,0.0283383426045757,0
0.0563241918322069,0.0283211623385939,0
0.0564493567029452,0.0283038120011279,0
0.0565745215736834,0.0282862914975261,0
0.0566996864444217,0.0282686007340532,0
0.0568248513151599,0.0282507396143957,0
0.0569500161858981,0.0282327080406888,0
0.0570751810566364,0.0282145059140961,0
0.0572003459273746,0.0281961331348049,0
0.0573255107981128,0.0281775896029296,0
0.0574506756688511,0.0281588752182909,0
0.0575758405395893,0.0281399898780544,0
0.0577010054103275,0.0281209334783607,0
0.0578261702810658,0.0281017059143576,0
0.057951335151804,0.02808230708023,0
0.0580765000225423,0.0280627368706267,0
0.0582016648932805,0.0280429951784243,0
0.0583268297640187,0.0280230818946638,0
0.058451994634757,0.0280029969093758,0
0.0585771595054952,0.0279827401115759,0
0.0587023243762335,0.027962311389395,0
0.0588274892469717,0.0279417106313338,0
0.0589526541177099,0.0279209377237038,0
0.0590778189884482,0.0278999925513369,0
0.0592029838591864,0.027878874998032,0
0.0593281487299246,0.0278575849465512,0
0.0594533136006629,0.027836122278743,0
0.0595784784714011,0.0278144868766559,0
0.0597036433421394,0.0277926786202262,0
0.0598288082128776,0.0277706973879504,0
0.0599539730836158,0.0277485430572689,0
0.0600791379543541,0.0277262155045618,0
0.0602043028250923,0.0277037146051717,0
0.0603294676958305,0.0276810402344299,0
0.0604546325665688,0.027658192266021,0
0.060579797437307,0.0276351705719729,0
0.0607049623080453,0.0276119750232334,0
0.0608301271787835,0.0275886054896658,0
0.0609552920495217,0.0275650618400444,0
0.06108045692026,0.0275413439424791,0
0.0612056217909982,0.0275174516645359,0
0.0613307866617364,0.027493384871678,0
0.0614559515324747,0.0274691434282195,0
0.0615811164032129,0.0274447271973648,0
0.0617062812739512,0.0274201360412041,0
0.0618314461446894,0.0273953698207108,0
0.0619566110154276,0.027370428396454,0
0.0620817758861659,0.0273453116276789,0
0.0622069407569041,0.0273200193719174,0
0.0623321056276423,0.0272945514855652,0
0.0624572704983806,0.0272689078238767,0
0.0625824353691188,0.0272430882409605,0
0.0627076002398571,0.0272170925897753,0
0.0628327651105953,0.0271909207227141,0
0.0629579299813335,0.027164572490901,0
0.0630830948520718,0.0271380477437643,0
0.06320825972281,0.0271113463295637,0
0.0633334245935483,0.0270844680953844,0
0.0634585894642865,0.0270574128871328,0
0.0635837543350247,0.0270301805495308,0
0.063708919205763,0.0270027709262773,0
0.0638340840765012,0.026975183860387,0
0.0639592489472394,0.0269474191930343,0
0.0640844138179777,0.0269194767641115,0
0.0642095786887159,0.0268913564123019,0
0.0643347435594541,0.0268630579750744,0
0.0644599084301924,0.0268345812886783,0
0.0645850733009306,0.0268059261881381,0
0.0647102381716689,0.0267770925074005,0
0.0648354030424071,0.0267480800795693,0
0.0649605679131453,0.0267188887359769,0
0.0650857327838836,0.0266895183066569,0
0.0652108976546218,0.0266599686203911,0
0.06533606252536,0.0266302395047043,0
0.0654612273960983,0.0266003307858581,0
0.0655863922668365,0.0265702422888455,0
0.0657115571375748,0.0265399738373854,0
0.065836722008313,0.0265095252542007,0
0.0659618868790512,0.0264788963607386,0
0.0660870517497895,0.0264480869768285,0
0.0662122166205277,0.0264170969210022,0
0.066337381491266,0.0263859260104887,0
0.0664625463620042,0.0263545740612076,0
0.0665877112327424,0.0263230408877631,0
0.0667128761034807,0.0262913263034382,0
0.0668380409742189,0.026259430120188,0
0.0669632058449571,0.0262273521486591,0
0.0670883707156954,0.0261950921984489,0
0.0672135355864336,0.0261626500775672,0
0.0673387004571719,0.0261300255925699,0
0.0674638653279101,0.0260972185486545,0
0.0675890301986483,0.0260642287496529,0
0.0677141950693866,0.0260310559980254,0
0.0678393599401248,0.0259977000948537,0
0.067964524810863,0.0259641608398345,0
0.0680896896816013,0.0259304380312725,0
0.0682148545523395,0.0258965314660739,0
0.0683400194230778,0.0258624409397431,0
0.068465184293816,0.0258281662465521,0
0.0685903491645542,0.0257937071792565,0
0.0687155140352925,0.025759063529079,0
0.0688406789060307,0.025724235085809,0
0.0689658437767689,0.0256892216377961,0
0.0690910086475072,0.0256540229719427,0
0.0692161735182454,0.0256186388736965,0
0.0693413383889837,0.0255830691270435,0
0.0694665032597219,0.0255473135145004,0
0.0695916681304601,0.0255113718171073,0
0.0697168330011984,0.02547524381442,0
0.0698419978719366,0.0254389292845025,0
0.0699671627426749,0.0254024280039195,0
0.0700923276134131,0.0253657397477285,0
0.0702174924841513,0.0253288642895512,0
0.0703426573548896,0.0252918014014634,0
0.0704678222256278,0.0252545508539408,0
0.070592987096366,0.0252171124159206,0
0.0707181519671043,0.0251794858547942,0
0.0708433168378425,0.0251416709363982,0
0.0709684817085807,0.025103667425007,0
0.071093646579319,0.0250654750833239,0
0.0712188114500572,0.0250270936724731,0
0.0713439763207954,0.0249885229519914,0
0.0714691411915337,0.0249497626798192,0
0.0715943060622719,0.0249108126122926,0
0.0717194709330102,0.0248716725041341,0
0.0718446358037484,0.0248323421084446,0
0.0719698006744866,0.0247928211766938,0
0.0720949655452249,0.024753109458712,0
0.0722201304159631,0.0247132067026811,0
0.0723452952867014,0.0246731126551249,0
0.0724704601574396,0.0246328270609008,0
0.0725956250281778,0.0245923496631904,0
0.0727207898989161,0.0245516802034899,0
0.0728459547696543,0.0245108184216011,0
0.0729711196403925,0.0244697640556217,0
0.0730962845111308,0.0244285168419362,0
0.073221449381869,0.0243870765152059,0
0.0733466142526073,0.0243454428083593,0
0.0734717791233455,0.024303615452583,0
0.0735969439940837,0.024261594177315,0
0.073722108864822,0.024219378710225,0
0.0738472737355602,0.0241769687772099,0
0.0739724386062984,0.0241343641023842,0
0.0740976034770367,0.0240915644080701,0
0.0742227683477749,0.0240485694147875,0
0.0743479332185132,0.0240053788412428,0
0.0744730980892514,0.0239619924043192,0
0.0745982629599896,0.0239184098190655,0
0.0747234278307279,0.0238746307986858,0
0.0748485927014661,0.0238306550545284,0
0.0749737575722043,0.0237864822960754,0
0.0750989224429426,0.023742112230931,0
0.0752240873136808,0.023697544564811,0
0.0753492521844191,0.0236527790015297,0
0.0754744170551573,0.0236078152429848,0
0.0755995819258955,0.0235626529891549,0
0.0757247467966338,0.0235172919380846,0
0.075849911667372,0.0234717399343576,0
0.0759750765381103,0.0234261475859198,0
0.0761002414088485,0.0233805552374819,0
0.0762254062795867,0.023334962889044,0
0.076350571150325,0.0232893705406061,0
0.0764757360210632,0.0232437781921682,0
0.0766009008918014,0.0231981858437304,0
0.0767260657625397,0.0231525934952925,0
0.0768512306332779,0.0231070011468546,0
0.0769763955040162,0.0230614087984167,0
0.0771015603747544,0.0230158164499789,0
0.0772267252454926,0.022970224101541,0
0.0773518901162309,0.0229246317531031,0
0.0774770549869691,0.0228790394046652,0
0.0776022198577073,0.0228334470562273,0
0.0777273847284456,0.0227878547077895,0
0.0778525495991838,0.0227422623593516,0
0.077977714469922,0.0226966700109137,0
0.0781028793406603,0.0226510776624758,0
0.0782280442113985,0.022605485314038,0
0.0783532090821368,0.0225598929656001,0
0.078478373952875,0.0225143006171622,0
0.0786035388236132,0.0224687082687243,0
0.0787287036943515,0.0224231159202864,0
0.0788538685650897,0.0223775235718486,0
0.078979033435828,0.0223319312234107,0
0.0791041983065662,0.0222863388749728,0
0.0792293631773044,0.0222407465265349,0
0.0793545280480427,0.0221951541780971,0
0.0794796929187809,0.0221495618296592,0
0.0796048577895191,0.0221039694812213,0
0.0797300226602574,0.0220583771327834,0
0.0798551875309956,0.0220127847843455,0
0.0799803524017339,0.0219671924359077,0
0.0801055172724721,0.0219216000874698,0
0.0802306821432103,0.0218760077390319,0
0.0803558470139486,0.021830415390594,0
0.0804810118846868,0.0217848230421562,0
0.080606176755425,0.0217392306937183,0
0.0807313416261633,0.0216936383452804,0
0.0808565064969015,0.0216480459968425,0
0.0809816713676397,0.0216024536484047,0
0.081106836238378,0.0215568612999668,0
0.0812320011091162,0.0215112689515289,0
0.0813571659798545,0.021465676603091,0
0.0814823308505927,0.0214200842546531,0
0.081607495721331,0.0213744919062153,0
0.0817326605920692,0.0213288995577774,0
0.0818578254628074,0.0212833072093395,0
0.0819829903335457,0.0212377148609016,0
0.0821081552042839,0.0211921225124637,0
0.0822333200750221,0.0211465301640259,0
0.0823584849457604,0.021100937815588,0
0.0824836498164986,0.0210553454671501,0
0.0826088146872369,0.0210097531187122,0
0.0827339795579751,0.0209641607702744,0
0.0828591444287133,0.0209185684218365,0
0.0829843092994516,0.0208729760733986,0
0.0831094741701898,0.0208273837249607,0
0.083234639040928,0.0207817913765228,0
0.0833598039116663,0.020736199028085,0
0.0834849687824045,0.0206906066796471,0
0.0836101336531427,0.0206450143312092,0
0.083735298523881,0.0205994219827713,0
0.0838604633946192,0.0205538296343335,0
0.0839856282653575,0.0205082372858956,0
0.0841107931360957,0.0204626449374577,0
0.0842359580068339,0.0204170525890198,0
0.0843611228775722,0.0203714602405819,0
0.0844862877483104,0.0203258678921441,0
0.0846114526190486,0.0202802755437062,0
0.0847366174897869,0.0202346831952683,0
0.0848617823605251,0.0201890908468304,0
0.0849869472312634,0.0201434984983926,0
0.0851121121020016,0.0200979061499547,0
0.0852372769727398,0.0200523138015168,0
0.0853624418434781,0.0200067214530789,0
0.0854876067142163,0.0199611291046411,0
0.0856127715849545,0.0199155367562032,0
0.0857379364556928,0.0198699444077653,0
0.085863101326431,0.0198243520593274,0
0.0859882661971693,0.0197787597108895,0
0.0861134310679075,0.0197331673624517,0
0.0862385959386457,0.0196875750140138,0
0.086363760809384,0.0196419826655759,0
0.0864889256801222,0.019596390317138,0
0.0866140905508604,0.0195507979687001,0
0.0867392554215987,0.0195052056202623,0
0.0868644202923369,0.0194596132718244,0
0.0869895851630752,0.0194140209233865,0
0.0871147500338134,0.0193684285749486,0
0.0872399149045516,0.0193228362265108,0
0.0873650797752899,0.0192772438780729,0
0.0874902446460281,0.019231651529635,0
0.0876154095167664,0.0191860591811971,0
0.0877405743875046,0.0191404668327592,0
0.0878657392582428,0.0190948744843214,0
0.0879909041289811,0.0190492821358835,0
0.0881160689997193,0.0190036897874456,0
0.0882412338704575,0.0189580974390077,0
0.0883663987411958,0.0189125050905699,0
0.088491563611934,0.018866912742132,0
0.0886167284826723,0.0188213203936941,0
0.0887418933534105,0.0187757280452562,0
0.0888670582241487,0.0187301356968183,0
0.088992223094887,0.0186845433483805,0
0.0891173879656252,0.0186389509999426,0
0.0892425528363634,0.0185933586515047,0
0.0893677177071017,0.0185477663030668,0
0.0894928825778399,0.018502173954629,0
0.0896180474485782,0.0184565816061911,0
0.0897432123193164,0.0184109892577532,0
0.0898683771900546,0.0183653969093153,0
0.0899935420607929,0.0183198045608774,0
0.0901187069315311,0.0182742122124396,0
0.0902438718022693,0.0182286198640017,0
0.0903690366730076,0.0181830275155638,0
0.0904942015437458,0.0181374351671259,0
0.0906193664144841,0.0180918428186881,0
0.0907445312852223,0.0180462504702502,0
0.0908696961559605,0.0180006581218123,0
0.0909948610266988,0.0179550657733744,0
0.091120025897437,0.0179094734249365,0
0.0912451907681752,0.0178638810764987,0
0.0913703556389135,0.0178182887280608,0
0.0914955205096517,0.0177726963796229,0
0.09162068538039,0.017727104031185,0
0.0917458502511282,0.0176815116827472,0
0.0918710151218664,0.0176359193343093,0
0.0919961799926047,0.0175903269858714,0
0.0921213448633429,0.0175447346374335,0
0.0922465097340811,0.0174991422889956,0
0.0923716746048194,0.0174535499405578,0
0.0924968394755576,0.0174079575921199,0
0.0926220043462958,0.017362365243682,0
0.0927471692170341,0.0173167728952441,0
0.0928723340877723,0.0172711805468063,0
0.0929974989585106,0.0172255881983684,0
0.0931226638292488,0.0171799958499305,0
0.093247828699987,0.0171344035014926,0
0.0933729935707253,0.0170888111530547,0
0.0934981584414635,0.0170432188046169,0
0.0936233233122018,0.016997626456179,0
0.09374848818294,0.0169520341077411,0
0.0938736530536782,0.0169064417593032,0
0.0939988179244165,0.0168608494108654,0
0.0941239827951547,0.0168152570624275,0
0.0942491476658929,0.0167696647139896,0
0.0943743125366312,0.0167240723655517,0
0.0944994774073694,0.0166784800171138,0
0.0946246422781077,0.016632887668676,0
0.0947498071488459,0.0165872953202381,0
0.0948749720195841,0.0165417029718002,0
0.0950001368903224,0.0164961106233623,0
0.0951253017610606,0.0164505182749245,0
0.0952504666317988,0.0164049259264866,0
0.0953756315025371,0.0163593335780487,0
0.0955007963732753,0.0163137412296108,0
0.0956259612440136,0.0162681488811729,0
0.0957511261147518,0.0162225565327351,0
0.09587629098549,0.0161769641842972,0
0.0960014558562283,0.0161313718358593,0
0.0961266207269665,0.0160857794874214,0
0.0962517855977047,0.0160401871389836,0
0.096376950468443,0.0159945947905457,0
0.0965021153391812,0.0159490024421078,0
0.0966272802099195,0.0159034100936699,0
0.0967524450806577,0.015857817745232,0
0.0968776099513959,0.0158122253967942,0
0.0970027748221342,0.0157666330483563,0
0.0971279396928724,0.0157210406999184,0
0.0972531045636107,0.0156754483514805,0
0.0973782694343489,0.0156298560030427,0
0.0975034343050871,0.0155842636546048,0
0.0976285991758254,0.0155386713061669,0
0.0977537640465636,0.015493078957729,0
0.0978789289173018,0.0154474866092911,0
0.0980040937880401,0.0154018942608533,0
0.0981292586587783,0.0153563019124154,0
0.0982544235295165,0.0153107095639775,0
0.0983795884002548,0.0152651172155396,0
0.098504753270993,0.0152195248671018,0
0.0986299181417313,0.0151739325186639,0
0.0987550830124695,0.015128340170226,0
0.0988802478832077,0.0150827478217881,0
0.099005412753946,0.0150371554733502,0
0.0991305776246842,0.0149915631249124,0
0.0992557424954224,0.0149459707764745,0
0.0993809073661607,0.0149003784280366,0
0.0995060722368989,0.0148547860795987,0
0.0996312371076372,0.0148091937311608,0
0.0997564019783754,0.014763601382723,0
0.0998815668491136,0.0147180090342851,0
0.100006731719852,0.0146724166858472,0
0.10013189659059,0.0146268243374093,0
0.100257061461328,0.0145812319889715,0
0.100382226332067,0.0145356396405336,0
0.100507391202805,0.0144900472920957,0
0.100632556073543,0.0144444549436578,0
0.100757720944281,0.01439886259522,0
0.10088288581502,0.0143532702467821,0
0.101008050685758,0.0143076778983442,0
0.101133215556496,0.0142620855499063,0
0.101258380427234,0.0142164932014684,0
0.101383545297972,0.0141709008530306,0
0.101508710168711,0.0141253085045927,0
0.101633875039449,0.0140797161561548,0
0.101759039910187,0.0140341238077169,0
0.101884204780925,0.0139885314592791,0
0.102009369651664,0.0139429391108412,0
0.102134534522402,0.0138973467624033,0
0.10225969939314,0.0138517544139654,0
0.102384864263878,0.0138061620655275,0
0.102510029134617,0.0137605697170897,0
0.102635194005355,0.0137149773686518,0
0.102760358876093,0.0136693850202139,0
0.102885523746831,0.013623792671776,0
0.10301068861757,0.0135782003233382,0
0.103135853488308,0.0135326079749003,0
0.103261018359046,0.0134870156264624,0
0.103386183229784,0.0134414232780245,0
0.103511348100523,0.0133958309295866,0
0.103636512971261,0.0133502385811488,0
0.103761677841999,0.0133046462327109,0
0.103886842712737,0.013259053884273,0
0.104012007583475,0.0132134615358351,0
0.104137172454214,0.0131678691873973,0
0.104262337324952,0.0131222768389594,0
0.10438750219569,0.0130766844905215,0
0.104512667066428,0.0130310921420836,0
0.104637831937167,0.0129854997936457,0
0.104762996807905,0.0129399074452079,0
0.104888161678643,0.01289431509677,0
0.105013326549381,0.0128487227483321,0
0.10513849142012,0.0128031303998942,0
0.105263656290858,0.0127575380514563,0
0.105388821161596,0.0127119457030185,0
0.105513986032334,0.0126663533545806,0
0.105639150903073,0.0126207610061427,0
0.105764315773811,0.0125751686577048,0
0.105889480644549,0.012529576309267,0
0.106014645515287,0.0124839839608291,0
0.106139810386026,0.0124383916123912,0
0.106264975256764,0.0123927992639533,0
0.106390140127502,0.0123472069155155,0
0.10651530499824,0.0123016145670776,0
0.106640469868978,0.0122560222186397,0
0.106765634739717,0.0122104298702018,0
0.106890799610455,0.0121648375217639,0
0.107015964481193,0.0121192451733261,0
0.107141129351931,0.0120736528248882,0
0.10726629422267,0.0120286293332125,0
0.107391459093408,0.0119863243424693,0
0.107516623964146,0.0119468916392352,0
0.107641788834884,0.0119102756358652,0
0.107766953705623,0.0118764259911402,0
0.107892118576361,0.011845297230834,0
0.108017283447099,0.0118168484115996,0
0.108142448317837,0.0117910428306246,0
0.108267613188576,0.0117678477729119,0
0.108392778059314,0.0117472342913884,0
0.108517942930052,0.0117291770214123,0
0.10864310780079,0.0117136540135876,0
0.108768272671529,0.0117006466015579,0
0.108893437542267,0.0116901392821927,0
0.109018602413005,0.0116821196303944,0
0.109143767283743,0.0116765782113115,0
0.109268932154481,0.0116735085340801,0
0.10939409702522,0.0116729070276223,0
0.109519261895958,0.0116747729694435,0
0.109644426766696,0.0116791085551461,0
0.109769591637434,0.0116859188446963,0
0.109894756508173,0.0116952118284756,0
0.110019921378911,0.0117069984695288,0
0.110145086249649,0.0117212927568956,0
0.110270251120387,0.011738111803483,0
0.110395415991126,0.0117574759401922,0
0.110520580861864,0.0117794088499073,0
0.110645745732602,0.011803937709936,0
0.11077091060334,0.0118310933724919,0
0.110896075474079,0.0118609105667705,0
0.111021240344817,0.0118934281344554,0
0.111146405215555,0.011928689301981,0
0.111271570086293,0.0119667419931247,0
0.111396734957032,0.0120076391851807,0
0.11152189982777,0.0120514394651601,0
0.111647064698508,0.0120967146077875,0
0.111772229569246,0.0121418919485683,0
0.111897394439984,0.0121869688436766,0
0.112022559310723,0.0122319432144041,0
0.112147724181461,0.012276812974798,0
0.112272889052199,0.0123215815213131,0
0.112398053922937,0.012366255300016,0
0.112523218793676,0.0124108321041337,0
0.112648383664414,0.012455309609441,0
0.112773548535152,0.012499685487923,0
0.11289871340589,0.012543957415396,0
0.113023878276629,0.0125881230639863,0
0.113149043147367,0.0126321801091823,0
0.113274208018105,0.0126761262236283,0
0.113399372888843,0.0127199630862279,0
0.113524537759582,0.012763699339485,0
0.11364970263032,0.0128073330265187,0
0.113774867501058,0.0128508615373327,0
0.113900032371796,0.0128942822599158,0
0.114025197242535,0.0129375925851546,0
0.114150362113273,0.0129807899003486,0
0.114275526984011,0.0130238715968751,0
0.114400691854749,0.0130668350612866,0
0.114525856725487,0.013109682384821,0
0.114651021596226,0.013152422930529,0
0.114776186466964,0.0131950543848419,0
0.114901351337702,0.0132375738067874,0
0.11502651620844,0.0132799782581541,0
0.115151681079179,0.0133222647990576,0
0.115276845949917,0.0133644304900333,0
0.115402010820655,0.0134064723925362,0
0.115527175691393,0.0134483875683997,0
0.115652340562132,0.0134901815749801,0
0.11577750543287,0.0135318620760554,0
0.115902670303608,0.0135734257903787,0
0.116027835174346,0.0136148693949561,0
0.116153000045085,0.0136561895723155,0
0.116278164915823,0.0136973829995857,0
0.116403329786561,0.0137384463589034,0
0.116528494657299,0.013779376328063,0
0.116653659528037,0.0138201707134564,0
0.116778824398776,0.0138608416496278,0
0.116903989269514,0.0139013903923496,0
0.117029154140252,0.0139418131787787,0
0.11715431901099,0.0139821062435265,0
0.117279483881729,0.0140222658251163,0
0.117404648752467,0.0140622881570655,0
0.117529813623205,0.0141021694787061,0
0.117654978493943,0.0141419060100063,0
0.117780143364682,0.0141815035891994,0
0.11790530823542,0.01422097257699,0
0.118030473106158,0.0142603088563798,0
0.118155637976896,0.0142995081421039,0
0.118280802847635,0.0143385661533592,0
0.118405967718373,0.0143774786063873,0
0.118531132589111,0.0144162412185902,0
0.118656297459849,0.0144548497082146,0
0.118781462330588,0.0144933053256814,0
0.118906627201326,0.0145316234159875,0
0.119031792072064,0.0145698008819665,0
0.119156956942802,0.0146078328342725,0
0.11928212181354,0.014645714375576,0
0.119407286684279,0.014683440616866,0
0.119532451555017,0.0147210066608681,0
0.119657616425755,0.014758407618112,0
0.119782781296493,0.0147956435400181,0
0.119907946167232,0.0148327321460131,0
0.12003311103797,0.0148696707156303,0
0.120158275908708,0.0149064536335767,0
0.120283440779446,0.0149430752853058,0
0.120408605650185,0.0149795300529697,0
0.120533770520923,0.0150158123242351,0
0.120658935391661,0.0150519164794209,0
0.120784100262399,0.0150878449074295,0
0.120909265133138,0.0151236165817353,0
0.121034430003876,0.0151592268504288,0
0.121159594874614,0.015194669232286,0
0.121284759745352,0.0152299372563227,0
0.121409924616091,0.0152650244423646,0
0.121535089486829,0.0152999243178138,0
0.121660254357567,0.0153346303715004,0
0.121785419228305,0.0153691547960608,0
0.121910584099043,0.0154035113153299,0
0.122035748969782,0.015437692471148,0
0.12216091384052,0.0154716907598419,0
0.122286078711258,0.0155054986683712,0
0.122411243581996,0.0155391086950069,0
0.122536408452735,0.015572513325334,0
0.122661573323473,0.0156057094721902,0
0.122786738194211,0.0156387232299593,0
0.122911903064949,0.0156715530361257,0
0.123037067935688,0.015704190091093,0
0.123162232806426,0.0157366256057191,0
0.123287397677164,0.0157688507832234,0
0.123412562547902,0.0158008568309117,0
0.123537727418641,0.0158326349542494,0
0.123662892289379,0.0158641805439878,0
0.123788057160117,0.0158955026987316,0
0.123913222030855,0.0159266133337545,0
0.124038386901594,0.015957524350666,0
0.124163551772332,0.0159882476646267,0
0.12428871664307,0.0160187951762464,0
0.124413881513808,0.0160491789605219,0
0.124539046384546,0.0160792862692211,0
0.124664211255285,0.0161090558075637,0
0.124789376126023,0.0161386403483063,0
0.124914540996761,0.0161682038225962,0
0.125039705867499,0.0161977672968861,0
