0,1331.46740752768
0.000125164870738238,1331.46740752768
0.000250329741476475,1331.46740752768
0.000375494612214713,1331.46740752768
0.000500659482952951,1331.46740752768
0.000625824353691188,1331.46740752768
0.000750989224429426,1331.46740752768
0.000876154095167663,1331.46740752768
0.0010013189659059,1331.46740752768
0.00112648383664414,1331.46740752768
0.00125164870738238,1331.46740752768
0.00137681357812061,1331.46740752768
0.00150197844885885,1331.46740752768
0.00162714331959709,1331.46740752768
0.00175230819033533,1331.46740752768
0.00187747306107356,1331.46740752768
0.0020026379318118,1331.46740752768
0.00212780280255004,1331.46740752768
0.00225296767328828,1331.46740752768
0.00237813254402652,1331.46740752768
0.00250329741476475,1331.46740752768
0.00262846228550299,1331.46740752768
0.00275362715624123,1331.46740752768
0.00287879202697947,1331.46740752768
0.0030039568977177,1331.46740752768
0.00312912176845594,1331.46740752768
0.00325428663919418,1331.46740752768
0.00337945150993242,1331.46740752768
0.00350461638067065,1331.46740752768
0.00362978125140889,1331.46740752768
0.00375494612214713,1331.46740752768
0.00388011099288537,1331.46740752768
0.0040052758636236,1331.46740752768
0.00413044073436184,1331.46740752768
0.00425560560510008,1331.46740752768
0.00438077047583832,1331.46740752768
0.00450593534657656,1331.46740752768
0.00463110021731479,1331.46740752768
0.00475626508805303,1331.46740752768
0.00488142995879127,1331.46740752768
0.00500659482952951,1331.46740752768
0.00513175970026774,1331.46740752768
0.00525692457100598,1331.46740752768
0.00538208944174422,1331.46740752768
0.00550725431248246,1331.46740752768
0.00563241918322069,1331.46740752768
0.00575758405395893,1331.46740752768
0.00588274892469717,1331.46740752768
0.00600791379543541,1331.46740752768
0.00613307866617365,1331.46740752768
0.00625824353691188,1331.46740752768
0.00638340840765012,1331.46740752768
0.00650857327838836,1331.46740752768
0.00663373814912659,1331.46740752768
0.00675890301986483,1331.46740752768
0.00688406789060307,1331.46740752768
0.00700923276134131,1331.46740752768
0.00713439763207955,1331.46740752768
0.00725956250281778,1331.46740752768
0.00738472737355602,1331.46740752768
0.00750989224429426,1331.46740752768
0.0076350571150325,1331.46740752768
0.00776022198577073,1331.46740752768
0.00788538685650897,1331.46740752768
0.00801055172724721,1331.46740752768
0.00813571659798545,1331.46740752768
0.00826088146872368,1331.46740752768
0.00838604633946192,1331.46740752768
0.00851121121020016,1331.46740752768
0.0086363760809384,1331.46740752768
0.00876154095167664,1331.46740752768
0.00888670582241487,1331.46740752768
0.00901187069315311,1331.46740752768
0.00913703556389135,1331.46740752768
0.00926220043462959,1331.46740752768
0.00938736530536782,1331.46740752768
0.00951253017610606,1331.46740752768
0.0096376950468443,1331.46740752768
0.00976285991758254,1331.46740752768
0.00988802478832077,1331.46740752768
0.010013189659059,1331.46740752768
0.0101383545297972,1331.46740752768
0.0102635194005355,1331.46740752768
0.0103886842712737,1331.46740752768
0.010513849142012,1331.46740752768
0.0106390140127502,1331.46740752768
0.0107641788834884,1331.46740752768
0.0108893437542267,1331.46740752768
0.0110145086249649,1331.46740752768
0.0111396734957032,1331.46740752768
0.0112648383664414,1331.46740752768
0.0113900032371796,1331.46740752768
0.0115151681079179,1331.46740752768
0.0116403329786561,1331.46740752768
0.0117654978493943,1331.46740752768
0.0118906627201326,1331.46740752768
0.0120158275908708,1331.46740752768
0.0121409924616091,1331.46740752768
0.0122661573323473,1331.46740752768
0.0123913222030855,1331.46740752768
0.0125164870738238,1331.46740752768
0.012641651944562,1331.46740752768
0.0127668168153002,1331.46740752768
0.0128919816860385,1331.46740752768
0.0130171465567767,1331.46740752768
0.013142311427515,1331.46740752768
0.0132674762982532,1331.46740752768
0.0133926411689914,1331.46740752768
0.0135178060397297,1331.46740752768
0.0136429709104679,1331.46740752768
0.0137681357812061,1331.46740752768
0.0138933006519444,1331.46740752768
0.0140184655226826,1331.46740752768
0.0141436303934209,1331.46740752768
0.0142687952641591,1331.46740752768
0.0143939601348973,1331.46740752768
0.0145191250056356,1331.46740752768
0.0146442898763738,1331.46740752768
0.014769454747112,1331.46740752768
0.0148946196178503,1331.46740752768
0.0150197844885885,1331.46740752768
0.0151449493593268,1331.46740752768
0.015270114230065,1331.46740752768
0.0153952791008032,1331.46740752768
0.0155204439715415,1331.46740752768
0.0156456088422797,1331.46740752768
0.0157707737130179,1331.46740752768
0.0158959385837562,1331.46740752768
0.0160211034544944,1331.46740752768
0.0161462683252327,1331.46740752768
0.0162714331959709,1331.46740752768
0.0163965980667091,1331.46740752768
0.0165217629374474,1331.46740752768
0.0166469278081856,1331.46740752768
0.0167720926789238,1331.46740752768
0.0168972575496621,1331.46740752768
0.0170224224204003,1331.46740752768
0.0171475872911386,1331.46740752768
0.0172727521618768,1331.46740752768
0.017397917032615,1331.46740752768
0.0175230819033533,1331.46740752768
0.0176482467740915,1331.46740752768
0.0177734116448297,1331.46740752768
0.017898576515568,1331.46740752768
0.0180237413863062,1331.46740752768
0.0181489062570445,1331.46740752768
0.0182740711277827,1331.46740752768
0.0183992359985209,1331.46740752768
0.0185244008692592,1331.46740752768
0.0186495657399974,1331.46740752768
0.0187747306107356,1331.46740752768
0.0188998954814739,1331.46740752768
0.0190250603522121,1331.46740752768
0.0191502252229504,1331.46740752768
0.0192753900936886,1331.46740752768
0.0194005549644268,1331.46740752768
0.0195257198351651,1331.46740752768
0.0196508847059033,1331.46740752768
0.0197760495766415,1331.46740752768
0.0199012144473798,1331.46740752768
0.020026379318118,1331.46740752768
0.0201515441888563,1331.46740752768
0.0202767090595945,1331.46740752768
0.0204018739303327,1331.46740752768
0.020527038801071,1331.46740752768
0.0206522036718092,1331.46740752768
0.0207773685425475,1331.46740752768
0.0209025334132857,1331.46740752768
0.0210276982840239,1331.46740752768
0.0211528631547622,1331.46740752768
0.0212780280255004,1331.46740752768
0.0214031928962386,1331.46740752768
0.0215283577669769,1331.46740752768
0.0216535226377151,1331.46740752768
0.0217786875084534,1331.46740752768
0.0219038523791916,1331.46740752768
0.0220290172499298,1331.46740752768
0.0221541821206681,1331.46740752768
0.0222793469914063,1331.46740752768
0.0224045118621445,1331.46740752768
0.0225296767328828,1331.46740752768
0.022654841603621,1331.46740752768
0.0227800064743593,1331.46740752768
0.0229051713450975,1331.46740752768
0.0230303362158357,1331.46740752768
0.023155501086574,1331.46740752768
0.0232806659573122,1331.46740752768
0.0234058308280504,1331.46740752768
0.0235309956987887,1331.46740752768
0.0236561605695269,1331.46740752768
0.0237813254402652,1331.46740752768
0.0239064903110034,1331.46740752768
0.0240316551817416,1331.46740752768
0.0241568200524799,1331.46740752768
0.0242819849232181,1331.46740752768
0.0244071497939563,1331.46740752768
0.0245323146646946,1331.46740752768
0.0246574795354328,1331.46740752768
0.0247826444061711,1331.46740752768
0.0249078092769093,1331.46740752768
0.0250329741476475,1331.46740752768
0.0251581390183858,1331.46740752768
0.025283303889124,1331.46740752768
0.0254084687598622,1331.46740752768
0.0255336336306005,1331.46740752768
0.0256587985013387,1331.46740752768
0.025783963372077,1331.46740752768
0.0259091282428152,1331.46740752768
0.0260342931135534,1331.46740752768
0.0261594579842917,1331.46740752768
0.0262846228550299,1331.46740752768
0.0264097877257681,1331.46740752768
0.0265349525965064,1331.46740752768
0.0266601174672446,1331.46740752768
0.0267852823379829,1331.46740752768
0.0269104472087211,1331.46740752768
0.0270356120794593,1331.46740752768
0.0271607769501976,1331.46740752768
0.0272859418209358,1331.46740752768
0.027411106691674,1331.46740752768
0.0275362715624123,1331.46740752768
0.0276614364331505,1331.46740752768
0.0277866013038888,1331.46740752768
0.027911766174627,1331.46740752768
0.0280369310453652,1331.46740752768
0.0281620959161035,1331.46740752768
0.0282872607868417,1331.46740752768
0.0284124256575799,1331.46740752768
0.0285375905283182,1331.46740752768
0.0286627553990564,1331.46740752768
0.0287879202697947,1331.46740752768
0.0289130851405329,1331.46740752768
0.0290382500112711,1331.46740752768
0.0291634148820094,1331.46740752768
0.0292885797527476,1331.46740752768
0.0294137446234858,1331.46740752768
0.0295389094942241,1331.46740752768
0.0296640743649623,1331.46740752768
0.0297892392357006,1331.46740752768
0.0299144041064388,1331.46740752768
0.030039568977177,1331.46740752768
0.0301647338479153,1331.46740752768
0.0302898987186535,1331.46740752768
0.0304150635893917,1331.46740752768
0.03054022846013,1331.46740752768
0.0306653933308682,1331.46740752768
0.0307905582016065,1331.46740752768
0.0309157230723447,1331.46740752768
0.0310408879430829,1331.46740752768
0.0311660528138212,1331.46740752768
0.0312912176845594,1331.46740752768
0.0314163825552976,1331.46740752768
0.0315415474260359,1331.46740752768
0.0316667122967741,1331.46740752768
0.0317918771675124,1331.46740752768
0.0319170420382506,1331.46740752768
0.0320422069089888,1331.46740752768
0.0321673717797271,1331.46740752768
0.0322925366504653,1331.46740752768
0.0324177015212036,1331.46740752768
0.0325428663919418,1331.46740752768
0.03266803126268,1331.46740752768
0.0327931961334183,1331.46740752768
0.0329183610041565,1331.46740752768
0.0330435258748947,1331.46740752768
0.033168690745633,1331.46740752768
0.0332938556163712,1331.46740752768
0.0334190204871095,1331.46740752768
0.0335441853578477,1331.46740752768
0.0336693502285859,1331.46740752768
0.0337945150993242,1331.46740752768
0.0339196799700624,1331.46740752768
0.0340448448408006,1331.46740752768
0.0341700097115389,1331.46740752768
0.0342951745822771,1331.46740752768
0.0344203394530154,1331.46740752768
0.0345455043237536,1331.46740752768
0.0346706691944918,1331.46740752768
0.0347958340652301,1331.46740752768
0.0349209989359683,1331.46740752768
0.0350461638067065,1331.46740752768
0.0351713286774448,1331.46740752768
0.035296493548183,1331.46740752768
0.0354216584189213,1331.46740752768
0.0355468232896595,1331.46740752768
0.0356719881603977,1331.46740752768
0.035797153031136,1331.46740752768
0.0359223179018742,1331.46740752768
0.0360474827726124,1331.46740752768
0.0361726476433507,1331.46740752768
0.0362978125140889,1331.46740752768
0.0364229773848272,1331.46740752768
0.0365481422555654,1331.46740752768
0.0366733071263036,1331.46740752768
0.0367984719970419,1331.46740752768
0.0369236368677801,1331.46740752768
0.0370488017385183,1331.46740752768
0.0371739666092566,1331.46740752768
0.0372991314799948,1331.46740752768
0.0374242963507331,1331.46740752768
0.0375494612214713,1331.46740752768
0.0376746260922095,1331.46740752768
0.0377997909629478,1331.46740752768
0.037924955833686,1331.46740752768
0.0380501207044242,1331.46740752768
0.0381752855751625,1331.46740752768
0.0383004504459007,1331.46740752768
0.038425615316639,1331.46740752768
0.0385507801873772,1331.46740752768
0.0386759450581154,1331.46740752768
0.0388011099288537,1331.46740752768
0.0389262747995919,1331.46740752768
0.0390514396703301,1331.46740752768
0.0391766045410684,1331.46740752768
0.0393017694118066,1331.46740752768
0.0394269342825449,1331.46740752768
0.0395520991532831,1331.46740752768
0.0396772640240213,1331.46740752768
0.0398024288947596,1331.46740752768
0.0399275937654978,1331.46740752768
0.0400527586362361,1331.46740752768
0.0401779235069743,1331.46740752768
0.0403030883777125,1331.46740752768
0.0404282532484508,1331.46740752768
0.040553418119189,1331.46740752768
0.0406785829899272,1331.46740752768
0.0408037478606655,1331.46740752768
0.0409289127314037,1331.46740752768
0.0410540776021419,1331.46740752768
0.0411792424728802,1331.46740752768
0.0413044073436184,1331.46740752768
0.0414295722143567,1331.46740752768
0.0415547370850949,1331.46740752768
0.0416799019558331,1331.46740752768
0.0418050668265714,1331.46740752768
0.0419302316973096,1331.46740752768
0.0420553965680478,1331.46740752768
0.0421805614387861,1331.46740752768
0.0423057263095243,1331.46740752768
0.0424308911802626,1331.46740752768
0.0425560560510008,1331.46740752768
0.042681220921739,1331.46740752768
0.0428063857924773,1331.46740752768
0.0429315506632155,1331.46740752768
0.0430567155339538,1331.46740752768
0.043181880404692,1331.46740752768
0.0433070452754302,1331.46740752768
0.0434322101461685,1331.46740641043
0.0435573750169067,1331.4673958731
0.0436825398876449,1331.46737419897
0.0438077047583832,1331.46734142727
0.0439328696291214,1331.46729756191
0.0440580344998596,1331.46724258372
0.0441831993705979,1331.4671764867
0.0443083642413361,1331.46709927829
0.0444335291120744,1331.46701096159
0.0445586939828126,1331.46691152616
0.0446838588535508,1331.4668009664
0.0448090237242891,1331.4666792845
0.0449341885950273,1331.46654648077
0.0450593534657656,1331.46640254629
0.0451845183365038,1331.46624747521
0.045309683207242,1331.46608126694
0.0454348480779803,1331.46590391974
0.0455600129487185,1331.46571542475
0.0456851778194567,1331.46551577552
0.045810342690195,1331.46530496944
0.0459355075609332,1331.46508300308
0.0460606724316715,1331.46484986707
0.0461858373024097,1331.46460555423
0.0463110021731479,1331.46435006026
0.0464361670438862,1331.46408338017
0.0465613319146244,1331.4638055039
0.0466864967853626,1331.46351642339
0.0468116616561009,1331.46321613287
0.0469368265268391,1331.46290462592
0.0470619913975774,1331.4625818916
0.0471871562683156,1331.46224792098
0.0473123211390538,1331.46190270691
0.0474374860097921,1331.46154624161
0.0475626508805303,1331.46117851319
0.0476878157512685,1331.46079951187
0.0478129806220068,1331.46040922916
0.047938145492745,1331.46000765596
0.0480633103634833,1331.45959477946
0.0481884752342215,1331.45917058894
0.0483136401049597,1331.4587350747
0.048438804975698,1331.45828822636
0.0485639698464362,1331.45783003013
0.0486891347171744,1331.45736047442
0.0488142995879127,1331.45687954832
0.0489394644586509,1331.4563872402
0.0490646293293892,1331.45588353534
0.0491897942001274,1331.45536842127
0.0493149590708656,1331.45484188592
0.0494401239416039,1331.45430391643
0.0495652888123421,1331.45375449719
0.0496904536830803,1331.45319361484
0.0498156185538186,1331.45262125622
0.0499407834245568,1331.45203740724
0.0500659482952951,1331.45144205145
0.0501911131660333,1331.45083517462
0.0503162780367715,1331.45021509404
0.0504414429075098,1331.44955835592
0.050566607778248,1331.4488895368
0.0506917726489862,1331.44820861979
0.0508169375197245,1331.4475155879
0.0509421023904627,1331.44681042268
0.051067267261201,1331.44609310436
0.0511924321319392,1331.44536361509
0.0513175970026774,1331.4446219368
0.0514427618734157,1331.44386804964
0.0515679267441539,1331.44310193325
0.0516930916148921,1331.44232356881
0.0518182564856304,1331.44153293717
0.0519434213563686,1331.44073001713
0.0520685862271069,1331.43991478787
0.0521937510978451,1331.43908722956
0.0523189159685833,1331.438247322
0.0524440808393216,1331.43739504279
0.0525692457100598,1331.43653037062
0.052694410580798,1331.43565328472
0.0528195754515363,1331.43476376377
0.0529447403222745,1331.43386178442
0.0530699051930128,1331.43294732482
0.053195070063751,1331.43199020519
0.0533202349344892,1331.43101157715
0.0534453998052275,1331.43001983329
0.0535705646759657,1331.4290149486
0.053695729546704,1331.42799689802
0.0538208944174422,1331.42696565518
0.0539460592881804,1331.42592119291
0.0540712241589187,1331.42486348547
0.0541963890296569,1331.42379250692
0.0543215539003951,1331.42270822948
0.0544467187711334,1331.4216106258
0.0545718836418716,1331.42049966933
0.0546970485126098,1331.41937533316
0.0548222133833481,1331.41823758844
0.0549473782540863,1331.41708640758
0.0550725431248246,1331.41592176331
0.0551977079955628,1331.4147383029
0.055322872866301,1331.41349803452
0.0554480377370393,1331.41224359727
0.0555732026077775,1331.41097496004
0.0556983674785158,1331.40969209031
0.055823532349254,1331.40839495525
0.0559486972199922,1331.40708352322
0.0560738620907305,1331.4057577623
0.0561990269614687,1331.40441763875
0.0563241918322069,1331.40306311982
0.0564493567029452,1331.40169417323
0.0565745215736834,1331.40031076607
0.0566996864444217,1331.39891286399
0.0568248513151599,1331.39750043413
0.0569500161858981,1331.39605064259
0.0570751810566364,1331.39455138621
0.0572003459273746,1331.3930368232
0.0573255107981128,1331.39150691671
0.0574506756688511,1331.38996162956
0.0575758405395893,1331.38840092282
0.0577010054103275,1331.38682475883
0.0578261702810658,1331.38523310026
0.057951335151804,1331.38362590892
0.0580765000225423,1331.3820031457
0.0582016648932805,1331.38036477296
0.0583268297640187,1331.37871075295
0.058451994634757,1331.37700133735
0.0585771595054952,1331.37524975845
0.0587023243762335,1331.37348167922
0.0588274892469717,1331.37169705695
0.0589526541177099,1331.36989584774
0.0590778189884482,1331.36807800927
0.0592029838591864,1331.36624349921
0.0593281487299246,1331.36439227369
0.0594533136006629,1331.36252428959
0.0595784784714011,1331.36063950453
0.0597036433421394,1331.35872376665
0.0598288082128776,1331.35673144009
0.0599539730836158,1331.35472138653
0.0600791379543541,1331.35269355891
0.0602043028250923,1331.35064790859
0.0603294676958305,1331.34858438787
0.0604546325665688,1331.34650294981
0.060579797437307,1331.34440354673
0.0607049623080453,1331.34228613014
0.0608301271787835,1331.34015065318
0.0609552920495217,1331.33792917789
0.06108045692026,1331.33567533346
0.0612056217909982,1331.33340242318
0.0613307866617364,1331.33111039547
0.0614559515324747,1331.32879919766
0.0615811164032129,1331.32646877708
0.0617062812739512,1331.32411908246
0.0618314461446894,1331.3217500622
0.0619566110154276,1331.3193332873
0.0620817758861659,1331.31683619124
0.0622069407569041,1331.31431868898
0.0623321056276423,1331.31178072274
0.0624572704983806,1331.30922223604
0.0625824353691188,1331.30664317324
0.0627076002398571,1331.30404347776
0.0628327651105953,1331.301423093
0.0629579299813335,1331.29873401825
0.0630830948520718,1331.29597513239
0.06320825972281,1331.29319439582
0.0633334245935483,1331.2903917483
0.0634585894642865,1331.28756712984
0.0635837543350247,1331.28472047899
0.063708919205763,1331.28185173604
0.0638340840765012,1331.27893395991
0.0639592489472394,1331.27591668149
0.0640844138179777,1331.27287606924
0.0642095786887159,1331.26981205912
0.0643347435594541,1331.26672458628
0.0644599084301924,1331.26361358595
0.0645850733009306,1331.26047899524
0.0647102381716689,1331.25726295944
0.0648354030424071,1331.25396910556
0.0649605679131453,1331.25065033513
0.0650857327838836,1331.24730658011
0.0652108976546218,1331.24393777134
0.06533606252536,1331.24054384203
0.0654612273960983,1331.23709930478
0.0655863922668365,1331.23353597688
0.0657115571375748,1331.22994611903
0.065836722008313,1331.22632965996
0.0659618868790512,1331.22268652706
0.0660870517497895,1331.21901664982
0.0662122166205277,1331.21528343719
0.066337381491266,1331.21143338953
0.0664625463620042,1331.20755510128
0.0665877112327424,1331.20364849819
0.0667128761034807,1331.19971350487
0.0668380409742189,1331.19575004766
0.0669632058449571,1331.19166413624
0.0670883707156954,1331.18750905371
0.0672135355864336,1331.1833239209
0.0673387004571719,1331.17910866113
0.0674638653279101,1331.17486319681
0.0675890301986483,1331.1705283191
0.0677141950693866,1331.16608064321
0.0678393599401248,1331.16160108811
0.067964524810863,1331.15708957317
0.0680896896816013,1331.15254602002
0.0682148545523395,1331.14790975153
0.0683400194230778,1331.14315280626
0.068465184293816,1331.13836205711
0.0685903491645542,1331.1335374202
0.0687155140352925,1331.1286788142
0.0688406789060307,1331.1236857243
0.0689658437767689,1331.11860191712
0.0690910086475072,1331.11348228159
0.0692161735182454,1331.1083267344
0.0693413383889837,1331.10311798389
0.0694665032597219,1331.09772662612
0.0695916681304601,1331.0922974054
0.0697168330011984,1331.08683023369
0.0698419978719366,1331.081325027
0.0699671627426749,1331.07564965717
0.0700923276134131,1331.06989555742
0.0702174924841513,1331.06410137393
0.0703426573548896,1331.0582670202
0.0704678222256278,1331.05228026824
0.070592987096366,1331.04618526249
0.0707181519671043,1331.04004794102
0.0708433168378425,1331.03386821626
0.0709684817085807,1331.02752328962
0.071093646579319,1331.02107058144
0.0712188114500572,1331.01457322753
0.0713439763207954,1331.00803114162
0.0714691411915337,1331.00127889329
0.0715943060622719,1330.994450891
0.0717194709330102,1330.98757581453
0.0718446358037484,1330.98061456885
0.0719698006744866,1330.97344237107
0.0720949655452249,1330.96622065757
0.0722201304159631,1330.95894934106
0.0723452952867014,1330.95148644979
0.0724704601574396,1330.94390390067
0.0725956250281778,1330.93626920719
0.0727207898989161,1330.92851942274
0.0728459547696543,1330.92056126493
0.0729711196403925,1330.91254831972
0.0730962845111308,1330.90447499034
0.073221449381869,1330.89612585411
0.0733466142526073,1330.88771918401
0.0734717791233455,1330.87925489656
0.0735969439940837,1330.87052804278
0.073722108864822,1330.86171155497
0.0738472737355602,1330.85283460209
0.0739724386062984,1330.84369536116
0.0740976034770367,1330.83445232269
0.0742227683477749,1330.82514586887
0.0743479332185132,1330.81555237757
0.0744730980892514,1330.80586539577
0.0745982629599896,1330.79610001433
0.0747234278307279,1330.78602058056
0.0748485927014661,1330.77587158319
0.0749737575722043,1330.76557521185
0.0750989224429426,1330.75501825833
0.0752240873136808,1330.74438847527
0.0753492521844191,1330.73351423449
0.0754744170551573,1330.72246037836
0.0755995819258955,1330.71132058935
0.0757247467966338,1330.69982934122
0.075849911667372,1330.68825846732
0.0759750765381103,1330.67645479565
0.0761002414088485,1330.66442924631
0.0762254062795867,1330.65229489269
0.076350571150325,1330.63980037588
0.0764757360210632,1330.62721900058
0.0766009008918014,1330.61432823318
0.0767260657625397,1330.60125937657
0.0768512306332779,1330.58796781333
0.0769763955040162,1330.5743961492
0.0771015603747544,1330.56067268406
0.0772267252454926,1330.54658240733
0.0773518901162309,1330.53239361107
0.0774770549869691,1330.51776975133
0.0776022198577073,1330.50304192853
0.0777273847284456,1330.48790824602
0.0778525495991838,1330.47262447385
0.077977714469922,1330.45694637197
0.0781028793406603,1330.44108920891
0.0782280442113985,1330.42483097607
0.0783532090821368,1330.40838244936
0.078478373952875,1330.39150722151
0.0786035388236132,1330.37444881543
0.0787287036943515,1330.35691853757
0.0788538685650897,1330.33921272628
0.078979033435828,1330.32100656904
0.0791041983065662,1330.30258115152
0.0792293631773044,1330.28371112487
0.0793545280480427,1330.26452470763
0.0794796929187809,1330.2449701283
0.0796048577895191,1330.22497997668
0.0797300226602574,1330.20471930537
0.0798551875309956,1330.18388156361
0.0799803524017339,1330.16274460981
0.0801055172724721,1330.14116204705
0.0802306821432103,1330.1191023197
0.0803558470139486,1330.09669612153
0.0804810118846868,1330.07372144047
0.080606176755425,1330.05031350227
0.0807313416261633,1330.02650898089
0.0808565064969015,1330.00206857101
0.0809816713676397,1329.97717907984
0.081106836238378,1329.95184013982
0.0812320011091162,1329.92585661549
0.0813571659798545,1329.89934498703
0.0814823308505927,1329.87232814686
0.081607495721331,1329.84472020477
0.0817326605920692,1329.81643823895
0.0818578254628074,1329.78759223042
0.0819829903335457,1329.75815921074
0.0821081552042839,1329.7280660248
0.0822333200750221,1329.69723140311
0.0823584849457604,1329.66574643112
0.0824836498164986,1329.63358635829
0.0826088146872369,1329.60072592626
0.0827339795579751,1329.56711515938
0.0828591444287133,1329.53266345969
0.0829843092994516,1329.49744180402
0.0831094741701898,1329.46142297622
0.083234639040928,1329.42457919075
0.0833598039116663,1329.38688209249
0.0834849687824045,1329.34830273334
0.0836101336531427,1329.30881157139
0.083735298523881,1329.2683784479
0.0838604633946192,1329.22697258493
0.0839856282653575,1329.18456256387
0.0841107931360957,1329.14111632043
0.0842359580068339,1329.0966011262
0.0843611228775722,1329.05098357931
0.0844862877483104,1329.00422959119
0.0846114526190486,1328.95630437103
0.0847366174897869,1328.90717241935
0.0848617823605251,1328.85679750536
0.0849869472312634,1328.80514266787
0.0851121121020016,1328.75217018588
0.0852372769727398,1328.69784158612
0.0853624418434781,1328.64211760826
0.0854876067142163,1328.58494305512
0.0856127715849545,1328.52615771983
0.0857379364556928,1328.46583910015
0.085863101326431,1328.40394434446
0.0859882661971693,1328.34042976769
0.0861134310679075,1328.27505379525
0.0862385959386457,1328.20793456989
0.086363760809384,1328.13904190936
0.0864889256801222,1328.06811144557
0.0866140905508604,1327.99524414502
0.0867392554215987,1327.92036010069
0.0868644202923369,1327.8432444548
0.0869895851630752,1327.76405053819
0.0871147500338134,1327.68239948137
0.0872399149045516,1327.59852164014
0.0873650797752899,1327.51203416809
0.0874902446460281,1327.42307972491
0.0876154095167664,1327.33144032409
0.0877405743875046,1327.23699710087
0.0878657392582428,1327.13976317274
0.0879909041289811,1327.03951062365
0.0881160689997193,1326.93610626654
0.0882412338704575,1326.82952000887
0.0883663987411958,1326.71960581589
0.088491563611934,1326.60621358863
0.0886167284826723,1326.48918908985
0.0887418933534105,1326.36833464831
0.0888670582241487,1326.2435536441
0.088992223094887,1326.11468249235
0.0891173879656252,1325.98153156207
0.0892425528363634,1325.84387854949
0.0893677177071017,1325.70157411165
0.0894928825778399,1325.55443170417
0.0896180474485782,1325.40225971921
0.0897432123193164,1325.24480151382
0.0898683771900546,1325.08170996146
0.0899935420607929,1324.91294258775
0.0901187069315311,1324.73803864053
0.0902438718022693,1324.55688267844
0.0903690366730076,1324.36900854425
0.0904942015437458,1324.17429475979
0.0906193664144841,1323.97224369722
0.0907445312852223,1323.76254122499
0.0908696961559605,1323.54486995185
0.0909948610266988,1323.31881186899
0.091120025897437,1323.08393494374
0.0912451907681752,1322.83979269998
0.0913703556389135,1322.58592371049
0.0914955205096517,1322.3218511636
0.09162068538039,1322.04692411577
0.0917458502511282,1321.76064484299
0.0918710151218664,1321.46246186131
0.0919961799926047,1321.15159379607
0.0921213448633429,1320.82740882926
0.0922465097340811,1320.48919889947
0.0923716746048194,1320.136119578
0.0924968394755576,1319.76729326995
0.0926220043462958,1319.38180796448
0.0927471692170341,1318.97871593046
0.0928723340877723,1318.55698893411
0.0929974989585106,1318.11529069712
0.0931226638292488,1317.65259995008
0.093247828699987,1317.16752673503
0.0933729935707253,1316.6585732047
0.0934981584414635,1316.12417404259
0.0936233233122018,1315.56269328985
0.09374848818294,1314.97236611937
0.0938736530536782,1314.35100215789
0.0939988179244165,1313.69655603035
0.0941239827951547,1313.00665958403
0.0942491476658929,1312.27870890268
0.0943743125366312,1311.50972214776
0.0944994774073694,1310.69672789353
0.0946246422781077,1309.83622579951
0.0947498071488459,1308.92445382919
0.0948749720195841,1307.9570520421
0.0950001368903224,1306.92948305039
0.0951253017610606,1305.83651156196
0.0952504666317988,1304.67222957945
0.0953756315025371,1303.43017737597
0.0955007963732753,1302.10304824568
0.0956259612440136,1300.69376615735
0.0957511261147518,1299.23319009228
0.09587629098549,1297.72268587639
0.0960014558562283,1296.16105375478
0.0961266207269665,1294.54723558718
0.0962517855977047,1292.88028172746
0.096376950468443,1291.1588276458
0.0965021153391812,1289.38201275303
0.0966272802099195,1287.54873360078
0.0967524450806577,1285.65790627473
0.0968776099513959,1283.70850369368
0.0970027748221342,1281.69955973381
0.0971279396928724,1279.62996828467
0.0972531045636107,1277.49882917345
0.0973782694343489,1275.30510402912
0.0975034343050871,1273.04795951972
0.0976285991758254,1270.7264249536
0.0977537640465636,1268.3396022763
0.0978789289173018,1265.88667121925
0.0980040937880401,1263.36688282869
0.0981292586587783,1260.77913495577
0.0982544235295165,1258.12303838603
0.0983795884002548,1255.39769741246
0.098504753270993,1252.60235038759
0.0986299181417313,1249.73647797346
0.0987550830124695,1246.79937937056
0.0988802478832077,1243.79044936624
0.099005412753946,1240.70939035985
0.0991305776246842,1237.55538183864
0.0992557424954224,1234.32829003263
0.0993809073661607,1231.02760164841
0.0995060722368989,1227.65290279679
0.0996312371076372,1224.20388968084
0.0997564019783754,1220.68038338175
0.0998815668491136,1217.082350774
0.100006731719852,1213.40923202811
0.10013189659059,1209.66141816837
0.100257061461328,1205.83852196703
0.100382226332067,1201.94058583692
0.100507391202805,1197.96784013795
0.100632556073543,1193.92020571331
0.100757720944281,1189.79777626174
0.10088288581502,1185.60137478925
0.101008050685758,1181.33026678585
0.101133215556496,1176.98576296895
0.101258380427234,1172.56796692557
0.101383545297972,1168.0769277926
0.101508710168711,1163.51193727088
0.101633875039449,1162.62095255328
0.101759039910187,1148.19932953274
0.101884204780925,1138.47122073131
0.102009369651664,1128.4462827774
0.102134534522402,1118.11257331182
0.10225969939314,1107.46189822937
0.102384864263878,1096.48094826852
0.102510029134617,1085.1530591538
0.102635194005355,1073.47630833641
0.102760358876093,1062.38560646785
0.102885523746831,1052.22818972259
0.10301068861757,1042.79101524327
0.103135853488308,1033.93348725364
0.103261018359046,1025.5571069854
0.103386183229784,1017.59083432663
0.103511348100523,1009.97939343474
0.103636512971261,1002.68027157393
0.103761677841999,995.659055230308
0.103886842712737,988.88775890229
0.104012007583475,982.343600369463
0.104137172454214,976.006347723377
0.104262337324952,969.859764711848
0.10438750219569,963.889322010453
0.104512667066428,958.082652719572
0.104637831937167,952.428677979605
0.104762996807905,946.917922096114
0.104888161678643,941.541687117935
0.105013326549381,936.292034923818
0.10513849142012,931.162663311857
0.105263656290858,926.146808414988
0.105388821161596,921.238893655502
0.105513986032334,916.433754978395
0.105639150903073,911.726544175797
0.105764315773811,907.113291512676
0.105889480644549,902.589477486098
0.106014645515287,898.151851833538
0.106139810386026,893.79659822284
0.106264975256764,889.520640221326
0.106390140127502,885.3210430098
0.10651530499824,881.195004604975
0.106640469868978,877.139847758832
0.106765634739717,873.153012515657
0.106890799610455,869.232671276417
0.107015964481193,865.376051478265
0.107141129351931,861.581625889416
0.10726629422267,857.847014129067
0.107391459093408,854.170603066652
0.107516623964146,850.550814124682
0.107641788834884,846.985780204182
0.107766953705623,843.473967697501
0.107892118576361,840.013891777491
0.108017283447099,836.604114410922
0.108142448317837,833.243455915125
0.108267613188576,829.930557226559
0.108392778059314,826.66399731611
0.108517942930052,823.44275675259
0.10864310780079,820.265785205272
0.108768272671529,817.131775394359
0.108893437542267,814.039921908671
0.109018602413005,810.989143012343
0.109143767283743,807.978326712611
0.109268932154481,805.006827357876
0.10939409702522,802.073693607903
0.109519261895958,799.177968803651
0.109644426766696,796.318866457847
0.109769591637434,793.495617332899
0.109894756508173,790.707469014253
0.110019921378911,787.95368549599
0.110145086249649,785.233546778401
0.110270251120387,782.546348476198
0.110395415991126,779.891401434159
0.110520580861864,777.268303489816
0.110645745732602,774.676242386927
0.11077091060334,772.114506940244
0.110896075474079,769.582723656741
0.111021240344817,767.080308055899
0.111146405215555,764.606490767236
0.111271570086293,762.161165686846
0.111396734957032,759.743344967077
0.11152189982777,757.352963349344
0.111647064698508,754.989237699036
0.111772229569246,752.651731614341
0.111897394439984,750.340265054359
0.112022559310723,748.054077917647
0.112147724181461,745.792782538729
0.112272889052199,743.556144674008
0.112398053922937,741.3437137461
0.112523218793676,739.155000230705
0.112648383664414,736.989639963662
0.112773548535152,734.847274206335
0.11289871340589,732.727549565801
0.113023878276629,730.630117873233
0.113149043147367,728.554636188918
0.113274208018105,726.500766702711
0.113399372888843,724.468176628015
0.113524537759582,722.456538222481
0.11364970263032,720.465528623281
0.113774867501058,718.494829856001
0.113900032371796,716.544337175473
0.114025197242535,714.613612871997
0.114150362113273,712.702306617267
0.114275526984011,710.810118364658
0.114400691854749,708.937099036713
0.114525856725487,707.082683782741
0.114651021596226,705.246558858772
0.114776186466964,703.428892452992
0.114901351337702,701.628967089749
0.11502651620844,699.846870565525
0.115151681079179,698.082176674854
0.115276845949917,696.334790320968
0.115402010820655,694.604369310079
0.115527175691393,692.890869158193
0.115652340562132,691.193787224101
0.11577750543287,689.513368965789
0.115902670303608,687.848984716003
0.116027835174346,686.200595278946
0.116153000045085,684.568151844501
0.116278164915823,682.951226232986
0.116403329786561,681.349659974495
0.116528494657299,679.763549783423
0.116653659528037,678.192482144813
0.116778824398776,676.636280103549
0.116903989269514,675.094791971042
0.117029154140252,673.567867628219
0.11715431901099,672.055456047514
0.117279483881729,670.557331907217
0.117404648752467,669.073304806282
0.117529813623205,667.603231244897
0.117654978493943,666.146969257594
0.117780143364682,664.704378406889
0.11790530823542,663.275319776726
0.118030473106158,661.859655966188
0.118155637976896,660.457251083289
0.118280802847635,659.067970734236
0.118405967718373,657.691682018964
0.118531132589111,656.328253524336
0.118656297459849,654.977673233295
0.118781462330588,653.639744385578
0.118906627201326,652.314311755912
0.119031792072064,651.001249479613
0.119156956942802,649.700433147747
0.11928212181354,648.411837395287
0.119407286684279,647.13542042528
0.119532451555017,645.870904663896
0.119657616425755,644.618171147512
0.119782781296493,643.377360647261
0.119907946167232,642.148196686544
0.12003311103797,640.930485287569
0.120158275908708,639.72444742959
0.120283440779446,638.529717113288
0.120408605650185,637.3462603396
0.120533770520923,636.174142808615
0.120658935391661,635.012986651301
0.120784100262399,633.863121623577
0.120909265133138,632.723993670808
0.121034430003876,631.596027124937
0.121159594874614,630.478655883672
0.121284759745352,629.372247296712
0.121409924616091,628.276373181215
0.121535089486829,627.191184678918
0.121660254357567,626.11655277358
0.121785419228305,625.052259721334
0.121910584099043,623.998618403043
0.122035748969782,622.955217494253
0.12216091384052,621.922014200449
0.122286078711258,620.899261235104
0.122411243581996,619.886614153749
0.122536408452735,618.884029853617
0.122661573323473,617.891531646848
0.122786738194211,616.909182141513
0.122911903064949,615.936767304311
0.123037067935688,614.974252483466
0.123162232806426,614.021603704915
0.123287397677164,613.078787697008
0.123412562547902,612.145864099526
0.123537727418641,611.222721510398
0.123662892289379,610.309297385615
0.123788057160117,609.405561546517
0.123913222030855,608.511484594175
0.124038386901594,607.627037922353
0.124163551772332,606.752193733979
0.12428871664307,605.886925048055
0.124413881513808,605.03120571478
0.124539046384546,604.185010434346
0.124664211255285,603.348314772365
0.124789376126023,602.521095175898
0.124914540996761,601.703328990149
0.125039705867499,600.89499447589
