0,1522.56013414521
0.000157336571784006,1522.51692986647
0.000314673143568012,1522.47372425521
0.000472009715352017,1522.4305173113
0.000629346287136023,1522.3873090346
0.000786682858920029,1522.34409942499
0.000944019430704035,1522.30088848234
0.00110135600248804,1522.25767620652
0.00125869257427205,1522.2144625974
0.00141602914605605,1522.17124765486
0.00157336571784006,1522.12803137875
0.00173070228962406,1522.08481376895
0.00188803886140807,1522.04159482534
0.00204537543319208,1521.99837454778
0.00220271200497608,1521.95515293614
0.00236004857676009,1521.91192999029
0.00251738514854409,1521.86870571011
0.0026747217203281,1521.82548009546
0.00283205829211211,1521.78225314622
0.00298939486389611,1521.73902486225
0.00314673143568012,1521.69579524343
0.00330406800746412,1521.65256428962
0.00346140457924813,1521.6093320007
0.00361874115103213,1521.56609837653
0.00377607772281614,1521.52286341698
0.00393341429460015,1521.47962712193
0.00409075086638415,1521.43638949125
0.00424808743816816,1521.39315052481
0.00440542400995216,1521.34991022246
0.00456276058173617,1521.3066685841
0.00472009715352017,1521.26342560958
0.00487743372530418,1521.22018129877
0.00503477029708819,1521.17693565156
0.00519210686887219,1521.13368866779
0.0053494434406562,1521.09044034735
0.0055067800124402,1521.04719069011
0.00566411658422421,1521.00393969593
0.00582145315600822,1520.96068736468
0.00597878972779222,1520.91743369624
0.00613612629957623,1520.87417869048
0.00629346287136023,1520.83092234725
0.00645079944314424,1520.78766466645
0.00660813601492824,1520.74440564792
0.00676547258671225,1520.70114529154
0.00692280915849626,1520.65788359719
0.00708014573028026,1520.61462056473
0.00723748230206427,1520.57135619403
0.00739481887384827,1520.52809048496
0.00755215544563228,1520.4848234374
0.00770949201741629,1520.4415550512
0.00786682858920029,1520.39828532624
0.0080241651609843,1520.35501426239
0.0081815017327683,1520.31174185951
0.00833883830455231,1520.26846811749
0.00849617487633631,1520.22519303617
0.00865351144812032,1520.18191661545
0.00881084801990433,1520.13863885518
0.00896818459168833,1520.09535975523
0.00912552116347234,1520.05207931548
0.00928285773525634,1520.00879753579
0.00944019430704035,1519.96551441603
0.00959753087882436,1519.92222995607
0.00975486745060836,1519.87894415579
0.00991220402239237,1519.83565701504
0.0100695405941764,1519.79236853369
0.0102268771659604,1519.74907871163
0.0103842137377444,1519.70578754871
0.0105415503095284,1519.66249504481
0.0106988868813124,1519.61920119979
0.0108562234530964,1519.57590601352
0.0110135600248804,1519.53260948587
0.0111708965966644,1519.48931161671
0.0113282331684484,1519.44601240592
0.0114855697402324,1519.40271185335
0.0116429063120164,1519.35940995887
0.0118002428838004,1519.31610672236
0.0119575794555844,1519.27280214369
0.0121149160273684,1519.22949622272
0.0122722525991525,1519.18618895932
0.0124295891709365,1519.14288035336
0.0125869257427205,1519.09957040471
0.0127442623145045,1519.05625911323
0.0129015988862885,1519.0129464788
0.0130589354580725,1518.96963250129
0.0132162720298565,1518.92631718055
0.0133736086016405,1518.88300051647
0.0135309451734245,1518.83968250891
0.0136882817452085,1518.79636315773
0.0138456183169925,1518.75304246281
0.0140029548887765,1518.70972042402
0.0141602914605605,1518.66639704122
0.0143176280323445,1518.62307231427
0.0144749646041285,1518.57974624306
0.0146323011759125,1518.53641882745
0.0147896377476965,1518.4930900673
0.0149469743194806,1518.44975996248
0.0151043108912646,1518.40642851287
0.0152616474630486,1518.36309571833
0.0154189840348326,1518.31976157872
0.0155763206066166,1518.27642609392
0.0157336571784006,1518.2330892638
0.0158909937501846,1518.18975108822
0.0160483303219686,1518.14641156704
0.0162056668937526,1518.10307070015
0.0163630034655366,1518.0597284874
0.0165203400373206,1518.01638492867
0.0166776766091046,1517.97304002381
0.0168350131808886,1517.92969377271
0.0169923497526726,1517.88634617522
0.0171496863244566,1517.84299723122
0.0173070228962406,1517.79964694057
0.0174643594680246,1517.75629530315
0.0176216960398087,1517.71294231881
0.0177790326115927,1517.66958798742
0.0179363691833767,1517.62623230887
0.0180937057551607,1517.582875283
0.0182510423269447,1517.53951690969
0.0184083788987287,1517.4961571888
0.0185657154705127,1517.45279612021
0.0187230520422967,1517.40943370379
0.0188803886140807,1517.36606993939
0.0190377251858647,1517.32270482688
0.0191950617576487,1517.27933836614
0.0193523983294327,1517.23597055703
0.0195097349012167,1517.19260139942
0.0196670714730007,1517.14923089318
0.0198244080447847,1517.10585903817
0.0199817446165687,1517.06248583426
0.0201390811883527,1517.01911128131
0.0202964177601368,1516.9757353792
0.0204537543319208,1516.93235812779
0.0206110909037048,1516.88897952696
0.0207684274754888,1516.84559957655
0.0209257640472728,1516.80221827645
0.0210831006190568,1516.75883562652
0.0212404371908408,1516.71545162663
0.0213977737626248,1516.67206627665
0.0215551103344088,1516.62867957643
0.0217124469061928,1516.58529152585
0.0218697834779768,1516.54190212478
0.0220271200497608,1516.49851137308
0.0221844566215448,1516.45511927062
0.0223417931933288,1516.41172581726
0.0224991297651128,1516.36833101288
0.0226564663368968,1516.32493485733
0.0228138029086808,1516.2815373505
0.0229711394804648,1516.23813849223
0.0231284760522489,1516.19473828241
0.0232858126240329,1516.15133672089
0.0234431491958169,1516.10793380754
0.0236004857676009,1516.06452954224
0.0237578223393849,1516.02112392484
0.0239151589111689,1515.97771695521
0.0240724954829529,1515.93430863322
0.0242298320547369,1515.89089895874
0.0243871686265209,1515.84748793163
0.0245445051983049,1515.80407555176
0.0247018417700889,1515.76066181899
0.0248591783418729,1515.7172467332
0.0250165149136569,1515.67383029424
0.0251738514854409,1515.63041250199
0.0253311880572249,1515.58699335631
0.0254885246290089,1515.54357285706
0.025645861200793,1515.50015100412
0.025803197772577,1515.45672779735
0.025960534344361,1515.41330323661
0.026117870916145,1515.36987732177
0.026275207487929,1515.3264500527
0.026432544059713,1515.28302142927
0.026589880631497,1515.23959145134
0.026747217203281,1515.19616011877
0.026904553775065,1515.15272743143
0.027061890346849,1515.10929338919
0.027219226918633,1515.06585799192
0.027376563490417,1515.02242123947
0.027533900062201,1514.97898313172
0.027691236633985,1514.93554366853
0.027848573205769,1514.89210284977
0.028005909777553,1514.84866067531
0.028163246349337,1514.805217145
0.0283205829211211,1514.76177225872
0.0284779194929051,1514.71832601633
0.0286352560646891,1514.67487841769
0.0287925926364731,1514.63142946268
0.0289499292082571,1514.58797915115
0.0291072657800411,1514.54452748298
0.0292646023518251,1514.50107445802
0.0294219389236091,1514.45762007615
0.0295792754953931,1514.41416433724
0.0297366120671771,1514.37070724113
0.0298939486389611,1514.32724878771
0.0300512852107451,1514.28378897683
0.0302086217825291,1514.24032780837
0.0303659583543131,1514.19686528218
0.0305232949260971,1514.15340139813
0.0306806314978811,1514.1099361561
0.0308379680696651,1514.06646955593
0.0309953046414491,1514.02300159751
0.0311526412132332,1513.97953228069
0.0313099777850172,1513.93606160534
0.0314673143568012,1513.89258957132
0.0316246509285852,1513.8491161785
0.0317819875003692,1513.80564142674
0.0319393240721532,1513.76216531592
0.0320966606439372,1513.71868784589
0.0322539972157212,1513.67520901652
0.0324113337875052,1513.63172882767
0.0325686703592892,1513.58824727922
0.0327260069310732,1513.54476437102
0.0328833435028572,1513.50128010294
0.0330406800746412,1513.45779447484
0.0331980166464252,1513.41430748659
0.0333553532182092,1513.37081913806
0.0335126897899932,1513.32732942911
0.0336700263617772,1513.2838383596
0.0338273629335612,1513.24034592939
0.0339846995053453,1513.19685213837
0.0341420360771293,1513.15335698638
0.0342993726489133,1513.10986047329
0.0344567092206973,1513.06636259897
0.0346140457924813,1513.02286336328
0.0347713823642653,1512.97936276609
0.0349287189360493,1512.93586080726
0.0350860555078333,1512.89235748666
0.0352433920796173,1512.84885280414
0.0354007286514013,1512.80534675958
0.0355580652231853,1512.76183935284
0.0357154017949693,1512.71833058378
0.0358727383667533,1512.67482045228
0.0360300749385373,1512.63130895818
0.0361874115103213,1512.58779610136
0.0363447480821053,1512.54428188168
0.0365020846538894,1512.50076629901
0.0366594212256734,1512.4572493532
0.0368167577974574,1512.41373104413
0.0369740943692414,1512.37021137166
0.0371314309410254,1512.32669033565
0.0372887675128094,1512.28316793596
0.0374461040845934,1512.23964417247
0.0376034406563774,1512.19611904503
0.0377607772281614,1512.15259255351
0.0379181137999454,1512.10906469777
0.0380754503717294,1512.06553547767
0.0382327869435134,1512.02200489309
0.0383901235152974,1511.97847294388
0.0385474600870814,1511.93493962991
0.0387047966588654,1511.89140495104
0.0388621332306494,1511.84786890714
0.0390194698024334,1511.80433149807
0.0391768063742175,1511.76079272369
0.0393341429460015,1511.71725258386
0.0394914795177855,1511.67371107846
0.0396488160895695,1511.63016820734
0.0398061526613535,1511.58662397037
0.0399634892331375,1511.54307836742
0.0401208258049215,1511.49953139833
0.0402781623767055,1511.45598306299
0.0404354989484895,1511.41243336125
0.0405928355202735,1511.36888229298
0.0407501720920575,1511.32532985803
0.0409075086638415,1511.28177605628
0.0410648452356255,1511.23822088758
0.0412221818074095,1511.19466435181
0.0413795183791935,1511.15110644882
0.0415368549509775,1511.10754717847
0.0416941915227615,1511.06398654064
0.0418515280945456,1511.02042453517
0.0420088646663296,1510.97686116195
0.0421662012381136,1510.93329642082
0.0423235378098976,1510.88973031166
0.0424808743816816,1510.84616283432
0.0426382109534656,1510.80259398867
0.0427955475252496,1510.75902377457
0.0429528840970336,1510.71545219189
0.0431102206688176,1510.67187924049
0.0432675572406016,1510.62830492023
0.0434248938123856,1510.58472923097
0.0435822303841696,1510.54115217258
0.0437395669559536,1510.49757374492
0.0438969035277376,1510.45399394786
0.0440542400995216,1510.41041278125
0.0442115766713056,1510.36683024496
0.0443689132430896,1510.32324633885
0.0445262498148737,1510.27966106278
0.0446835863866577,1510.23607441662
0.0448409229584417,1510.19248640024
0.0449982595302257,1510.14889701348
0.0451555961020097,1510.10530625622
0.0453129326737937,1510.06171412832
0.0454702692455777,1510.01812062964
0.0456276058173617,1509.97452576004
0.0457849423891457,1509.93092951939
0.0459422789609297,1509.88733190755
0.0460996155327137,1509.84373292437
0.0462569521044977,1509.80013256973
0.0464142886762817,1509.75653084349
0.0465716252480657,1509.7129277455
0.0467289618198497,1509.66932327564
0.0468862983916337,1509.62571743375
0.0470436349634177,1509.58211021972
0.0472009715352018,1509.53850163339
0.0473583081069858,1509.49489167463
0.0475156446787698,1509.4512803433
0.0476729812505538,1509.40766763926
0.0478303178223378,1509.36405356238
0.0479876543941218,1509.32043811252
0.0481449909659058,1509.27682128954
0.0483023275376898,1509.23320309331
0.0484596641094738,1509.18958352367
0.0486170006812578,1509.14596258051
0.0487743372530418,1509.10234026367
0.0489316738248258,1509.05871657302
0.0490890103966098,1509.01509150843
0.0492463469683938,1508.97146506975
0.0494036835401778,1508.92783725685
0.0495610201119618,1508.88420806958
0.0497183566837458,1508.84057750782
0.0498756932555298,1508.79694557141
0.0500330298273139,1508.75331226023
0.0501903663990979,1508.70967757414
0.0503477029708819,1508.66604151299
0.0505050395426659,1508.62240407665
0.0506623761144499,1508.57876526498
0.0508197126862339,1508.53512507784
0.0509770492580179,1508.4914835151
0.0511343858298019,1508.44784057661
0.0512917224015859,1508.40419626224
0.0514490589733699,1508.36055057184
0.0516063955451539,1508.31690350529
0.0517637321169379,1508.27325506243
0.0519210686887219,1508.22960524314
0.0520784052605059,1508.18595404727
0.0522357418322899,1508.14230147469
0.0523930784040739,1508.09864752525
0.052550414975858,1508.05499219882
0.052707751547642,1508.01133549526
0.052865088119426,1507.96767741443
0.05302242469121,1507.92401795619
0.053179761262994,1507.8803571204
0.053337097834778,1507.83669490693
0.053494434406562,1507.79303131563
0.053651770978346,1507.74936634637
0.05380910755013,1507.705699999
0.053966444121914,1507.66203227339
0.054123780693698,1507.6183631694
0.054281117265482,1507.57469268689
0.054438453837266,1507.53102082572
0.05459579040905,1507.48734758575
0.054753126980834,1507.44367296685
0.054910463552618,1507.39999696886
0.055067800124402,1507.35631959166
0.055225136696186,1507.31264083511
0.0553824732679701,1507.26896069906
0.0555398098397541,1507.22527918338
0.0556971464115381,1507.18159628792
0.0558544829833221,1507.13791201255
0.0560118195551061,1507.09422635713
0.0561691561268901,1507.05053932152
0.0563264926986741,1507.00685090558
0.0564838292704581,1506.96316110917
0.0566411658422421,1506.91946993215
0.0567985024140261,1506.87577737438
0.0569558389858101,1506.83208343572
0.0571131755575941,1506.78838811603
0.0572705121293781,1506.74469141517
0.0574278487011621,1506.70099333301
0.0575851852729461,1506.6572938694
0.0577425218447301,1506.6135930242
0.0578998584165141,1506.56989079728
0.0580571949882982,1506.52618718849
0.0582145315600822,1506.48248219769
0.0583718681318662,1506.43877582475
0.0585292047036502,1506.39506806952
0.0586865412754342,1506.35135893186
0.0588438778472182,1506.30764841164
0.0590012144190022,1506.26393650872
0.0591585509907862,1506.22022322294
0.0593158875625702,1506.17650855419
0.0594732241343542,1506.1327925023
0.0596305607061382,1506.08907506716
0.0597878972779222,1506.0453562486
0.0599452338497062,1506.0016360465
0.0601025704214902,1505.95791446071
0.0602599069932742,1505.9141914911
0.0604172435650582,1505.87046713752
0.0605745801368422,1505.82674139984
0.0607319167086263,1505.7830142779
0.0608892532804103,1505.73928577158
0.0610465898521943,1505.69555588073
0.0612039264239783,1505.65182460522
0.0613612629957623,1505.60809194489
0.0615185995675463,1505.56435789962
0.0616759361393303,1505.52062246926
0.0618332727111143,1505.47688565366
0.0619906092828983,1505.4331474527
0.0621479458546823,1505.38940786623
0.0623052824264663,1505.3456668941
0.0624626189982503,1505.30192453618
0.0626199555700343,1505.25818079233
0.0627772921418183,1505.21443566241
0.0629346287136023,1505.17068914627
0.0630919652853863,1505.12694124378
0.0632493018571703,1505.08319195479
0.0634066384289543,1505.03944127917
0.0635639750007384,1504.99568921676
0.0637213115725224,1504.95193576744
0.0638786481443064,1504.90818093107
0.0640359847160904,1504.86442470749
0.0641933212878744,1504.82066709657
0.0643506578596584,1504.77690809817
0.0645079944314424,1504.73314771214
0.0646653310032264,1504.68938593835
0.0648226675750104,1504.64562277666
0.0649800041467944,1504.60185822692
0.0651373407185784,1504.558092289
0.0652946772903624,1504.51432496275
0.0654520138621464,1504.47055624802
0.0656093504339304,1504.42678614469
0.0657666870057144,1504.3830146526
0.0659240235774985,1504.33924177162
0.0660813601492824,1504.29546750161
0.0662386967210665,1504.25169184242
0.0663960332928505,1504.20791479392
0.0665533698646345,1504.16413635595
0.0667107064364185,1504.12035652839
0.0668680430082025,1504.07657531108
0.0670253795799865,1504.03279270389
0.0671827161517705,1503.98900870668
0.0673400527235545,1503.9452233193
0.0674973892953385,1503.90143654161
0.0676547258671225,1503.85764837348
0.0678120624389065,1503.81385881475
0.0679693990106905,1503.77006786529
0.0681267355824745,1503.72627552496
0.0682840721542585,1503.68248179361
0.0684414087260425,1503.6386866711
0.0685987452978265,1503.59489015729
0.0687560818696105,1503.55109225205
0.0689134184413945,1503.50729295522
0.0690707550131786,1503.46349226666
0.0692280915849626,1503.41969018624
0.0693854281567466,1503.3758867138
0.0695427647285306,1503.33208184922
0.0697001013003146,1503.28827559235
0.0698574378720986,1503.24446794303
0.0700147744438826,1503.20065890115
0.0701721110156666,1503.15684846654
0.0703294475874506,1503.11303663907
0.0704867841592346,1503.0692234186
0.0706441207310186,1503.02540880498
0.0708014573028026,1502.98159279808
0.0709587938745866,1502.93777539774
0.0711161304463706,1502.89395660383
0.0712734670181546,1502.85013641621
0.0714308035899387,1502.80631483473
0.0715881401617226,1502.76249185925
0.0717454767335067,1502.71866748963
0.0719028133052907,1502.67484172573
0.0720601498770747,1502.6310145674
0.0722174864488587,1502.5871860145
0.0723748230206427,1502.54335606688
0.0725321595924267,1502.49952472442
0.0726894961642107,1502.45569198695
0.0728468327359947,1502.41185785435
0.0730041693077787,1502.36802232647
0.0731615058795627,1502.32418540316
0.0733188424513467,1502.28034708428
0.0734761790231307,1502.23650736969
0.0736335155949147,1502.19266625925
0.0737908521666987,1502.14882375281
0.0739481887384827,1502.10497985024
0.0741055253102667,1502.06113455138
0.0742628618820508,1502.0172878561
0.0744201984538348,1501.97343976425
0.0745775350256188,1501.92959027569
0.0747348715974028,1501.88573939027
0.0748922081691868,1501.84188710786
0.0750495447409708,1501.79803342831
0.0752068813127548,1501.75417835148
0.0753642178845388,1501.71032187722
0.0755215544563228,1501.6664640054
0.0756788910281068,1501.62260473586
0.0758362275998908,1501.57874406847
0.0759935641716748,1501.55470231663
0.0761509007434588,1501.8777865863
0.0763082373152428,1502.41883777595
0.0764655738870268,1503.37945331115
0.0766229104588108,1504.76280821137
0.0767802470305948,1506.57520086394
0.0769375836023789,1508.82615626776
0.0770949201741628,1511.51666532703
0.0772522567459469,1514.65512128737
0.0774095933177309,1518.25139038336
0.0775669298895149,1522.31690176771
0.0777242664612989,1526.86475384185
0.0778816030330829,1531.90983893502
0.0780389396048669,1537.46898867824
0.0781962761766509,1543.56114289327
0.0783536127484349,1550.20754537993
0.0785109493202189,1557.43197066255
0.0786682858920029,1565.26098657399
0.0788256224637869,1573.72425854979
0.0789829590355709,1582.85490272007
0.0791402956073549,1592.68989638052
0.0792976321791389,1603.2705562699
0.0794549687509229,1614.64899877143
0.079612305322707,1626.88589282399
0.079769641894491,1640.02943085377
0.079926978466275,1654.15679790543
0.080084315038059,1669.35679029554
0.080241651609843,1685.71019460001
0.080398988181627,1703.33794352721
0.080556324753411,1722.36811212415
0.080713661325195,1742.94419416145
0.080870997896979,1765.2520241259
0.081028334468763,1788.9778581543
0.081185671040547,1813.22483451945
0.081343007612331,1837.97141790224
0.081500344184115,1863.23145300686
0.081657680755899,1889.01926778595
0.081815017327683,1915.34969383129
0.081972353899467,1942.23808777556
0.082129690471251,1969.70035376301
0.082287027043035,1997.75296705024
0.0824443636148191,2026.4129988028
0.0826017001866031,2055.69814215719
0.0827590367583871,2085.6267396227
0.0829163733301711,2116.21781190231
0.0830737099019551,2147.49108821743
0.0832310464737391,2179.46703822664
0.0833883830455231,2212.16690563513
0.0835457196173071,2245.61274359777
0.0837030561890911,2279.8274520263
0.0838603927608751,2314.83481691832
0.0840177293326591,2350.65955183457
0.0841750659044431,2387.32734165947
0.0843324024762271,2424.86488878984
0.0844897390480111,2463.29996190693
0.0846470756197951,2502.66144749842
0.0848044121915791,2542.97940430874
0.0849617487633632,2584.28512090989
0.0851190853351472,2626.61117659847
0.0852764219069312,2669.99150584068
0.0854337584787152,2714.46146650335
0.0855910950504992,2760.05791212757
0.0857484316222832,2806.8192685208
0.0859057681940672,2854.78561496505
0.0860631047658512,2903.99877036196
0.0862204413376352,2954.50238466057
0.0863777779094192,3006.34203594155
0.0865351144812032,3059.56533356138
0.0866924510529872,3114.22202779265
0.0868497876247712,3170.36412643235
0.0870071241965552,3228.04601888909
0.0871644607683392,3287.32460830233
0.0873217973401232,3348.25945229366
0.0874791339119072,3410.91291300046
0.0876364704836912,3475.35031709876
0.0877938070554753,3541.64012658221
0.0879511436272593,3609.854121132
0.0881084801990433,3680.0675929853
0.0882658167708273,3752.35955529119
0.0884231533426113,3826.81296503158
0.0885804899143953,3903.51496168252
0.0887378264861793,3982.55712289936
0.0888951630579633,4064.03573862765
0.0890524996297473,4148.05210517348
0.0892098362015313,4234.71284091168
0.0893671727733153,4324.13022547106
0.0895245093450993,4416.42256441323
0.0896818459168833,4511.71458161922
0.0898391824886673,4610.13784181604
0.0899965190604513,4711.83120591873
0.0901538556322354,4816.94132213361
0.0903111922040193,4925.62315606887
0.0904685287758034,5038.04056343484
0.0906258653475874,5154.36690928928
0.0907832019193714,5274.78573820305
0.0909405384911554,5399.49150018789
0.0910978750629394,5528.69033775346
0.0912552116347234,5662.60094004859
0.0914125482065074,5801.45547070233
0.0915698847782914,5945.50057672378
0.0917272213500754,6094.99848665643
0.0918845579218594,6250.22820712757
0.0920418944936434,6411.48682799939
0.0921992310654274,6579.09094753557
0.0923565676372114,6753.37823036485
0.0925139042089954,6934.70911257467
0.0926712407807794,7123.46867003258
0.0928285773525634,7320.06866804202
0.0929859139243474,7524.9498127302
0.0931432504961315,7738.58422718489
0.0933005870679155,7961.4781783524
0.0934579236396995,8194.17508414849
0.0936152602114835,8437.25883418015
0.0937725967832675,8691.35746202603
0.0939299333550515,8957.14721226431
0.0940872699268355,9235.35705150357
0.0942446064986195,9525.59487621507
0.0944019430704035,9818.99426220907
0.0945592796421875,10113.4491149419
0.0947166162139715,10408.8061734374
0.0948739527857555,10704.8938519456
0.0950312893575395,11001.5117393488
0.0951886259293235,11298.4344038418
0.0953459625011075,11595.4236935569
0.0955032990728915,11892.2164566721
0.0956606356446755,12188.530540366
0.0958179722164595,12484.0676191823
0.0959753087882435,12778.5105692404
0.0961326453600276,13071.5283599234
0.0962899819318116,13362.7726063991
0.0964473185035956,13651.8822122984
0.0966046550753796,13938.481849183
0.0967619916471636,14222.1822514873
0.0969193282189476,14502.5845728635
0.0970766647907316,14779.27886208
0.0972340013625156,15051.8492120661
0.0973913379342996,15319.869531648
0.0975486745060836,15582.9096061072
0.0977060110778676,15840.5266242228
0.0978633476496516,16092.2895659337
0.0980206842214356,16337.7494834095
0.0981780207932196,16576.4714866046
0.0983353573650037,16808.0139102512
0.0984926939367876,17031.9396214288
0.0986500305085717,17247.8176434703
0.0988073670803557,17455.2248059172
0.0989647036521397,17653.7474107596
0.0991220402239237,17842.980057513
0.0992793767957077,18022.5248310362
0.0994367133674917,18192.0149066799
0.0995940499392757,18351.0729269928
0.0997513865110597,18499.3681689182
0.0999087230828437,18636.5663847996
0.100066059654628,18762.3639409195
0.100223396226412,18876.4820045593
0.100380732798196,18978.6606515323
0.10053806936998,19068.6611041182
0.100695405941764,19146.2781688561
0.100852742513548,19211.3330289337
0.101010079085332,19263.6731395223
0.101167415657116,19303.1750770419
0.1013247522289,19329.7451653851
0.101482088800684,19343.3199548875
0.101639425372468,19343.1182691135
0.101796761944252,18897.8054702068
0.101954098516036,18821.9953275327
0.10211143508782,18708.6388922536
0.102268771659604,18557.4240538393
0.102426108231388,18373.513902576
0.102583444803172,18180.1092041573
0.102740781374956,17983.4382471469
0.10289811794674,17785.2003567136
0.103055454518524,17587.0110686093
0.103212791090308,17389.0755746657
0.103370127662092,17190.9050664999
0.103527464233876,16994.8060907223
0.10368480080566,16798.9052217482
0.103842137377444,16605.3250353035
0.103999473949228,16413.0008238145
0.104156810521012,16222.9122622182
0.104314147092796,16034.5737599586
0.10447148366458,15848.6971742352
0.104628820236364,15664.8547243632
0.104786156808148,15483.6513157961
0.104943493379932,15304.3868166522
0.105100829951716,15128.0305846846
0.1052581665235,14953.7850570042
0.105415503095284,14782.4502671172
0.105572839667068,14613.1834123865
0.105730176238852,14446.5949587721
0.105887512810636,14282.533206995
0.10604484938242,14120.9756080695
0.106202185954204,13962.0182321885
0.106359522525988,13805.3753656268
0.106516859097772,13651.2793647856
0.106674195669556,13499.7358677637
0.10683153224134,13350.654531375
0.106988868813124,13203.9919015319
0.107146205384908,13059.7904041517
0.107303541956692,12917.8694099543
0.107460878528476,12778.4234624179
0.10761821510026,12641.2797217328
0.107775551672044,12506.2971196274
0.107932888243828,12373.8542601325
0.108090224815612,12243.4406119212
0.108247561387396,12115.3015888619
0.10840489795918,11989.49053108
0.108562234530964,11865.5685092694
0.108719571102748,11744.0275118583
0.108876907674532,11624.4741984801
0.109034244246316,11506.6856677935
0.1091915808181,11391.4458733818
0.109348917389884,11277.8729051827
0.109506253961668,11166.1511143414
0.109663590533452,11056.7031610139
0.109820927105236,10948.8034391862
0.10997826367702,10842.8494479478
0.110135600248804,10738.9247398895
0.110292936820588,10636.4364611117
0.110450273392372,10535.871943316
0.110607609964156,10437.0315195356
0.11076494653594,10339.52725178
0.110922283107724,10243.9328764711
0.111079619679508,10149.8523318472
0.111236956251292,10057.0158771684
0.111394292823076,9966.04909599433
0.11155162939486,9876.42896553778
0.111708965966644,9787.96830470082
0.111866302538428,9701.44130973167
0.112023639110212,9616.14896669967
0.112180975681996,9531.93450888578
0.11233831225378,9449.53809575211
0.112495648825564,9368.26959806817
0.112652985397348,9288.0048757892
0.112810321969132,9209.48538695979
0.112967658540916,9132.02893813235
0.1131249951127,9055.50720384086
0.113282331684484,8980.67757129915
0.113439668256268,8906.88476359327
0.113597004828052,8833.96108504825
0.113754341399836,8762.6270242607
0.11391167797162,8692.33453908898
0.114069014543404,8622.84945123843
0.114226351115188,8554.75709737512
0.114383687686972,8487.71802664002
0.114541024258756,8421.43038249765
0.11469836083054,8356.43529730378
0.114855697402324,8292.59998564836
0.115013033974108,8229.46132732627
0.115170370545892,8167.36851050166
0.115327707117676,8106.47825270221
0.11548504368946,8046.23575066454
0.115642380261244,7986.85090471251
0.115799716833028,7928.8652879103
0.115957053404812,7871.47957489569
0.116114389976596,7814.69309762512
0.11627172654838,7759.37984480904
0.116429063120164,7704.62375814728
0.116586399691948,7650.4174616989
0.116743736263732,7597.51423950106
0.116901072835516,7545.35661550202
0.1170584094073,7493.70770502893
0.117215745979084,7443.05397506852
0.117373082550868,7393.37207458161
0.117530419122652,7344.16057326855
0.117687755694436,7295.61866434016
0.11784509226622,7248.33010545502
0.118002428838004,7201.47558242155
0.118159765409788,7155.04986339723
0.118317101981572,7109.90899954053
0.118474438553356,7065.29519596266
0.11863177512514,7021.07701373582
0.118789111696924,6977.70732515748
0.118946448268708,6935.14647001754
0.119103784840492,6892.95182377659
0.119261121412276,6851.23053007525
0.11941845798406,6810.64998885591
0.119575794555844,6770.40785912082
0.119733131127628,6730.50043780925
0.119890467699412,6691.57036421367
0.120047804271196,6653.22653616262
0.12020514084298,6615.19133761826
0.120362477414764,6577.68208654483
0.120519813986548,6541.11658195406
0.120677150558332,6504.83598100796
0.120834487130116,6468.83737282666
0.1209918237019,6433.78904853568
0.121149160273684,6399.20261939846
0.121306496845468,6364.87612569783
0.121463833417253,6331.01528697564
0.121621169989037,6297.98905764134
0.121778506560821,6265.20312140968
0.121935843132605,6232.65518734913
0.122093179704389,6200.92685358584
0.122250516276173,6169.64779151891
0.122407852847957,6138.58818064078
0.122565189419741,6107.85827162334
0.122722525991525,6077.96860380261
0.122879862563309,6048.28185084197
0.123037199135093,6018.79620905465
0.123194535706877,5989.91105192044
0.123351872278661,5961.5413447921
0.123509208850445,5933.35748789641
0.123666545422229,5905.35788775447
0.123823881994013,5878.21832003847
0.123981218565797,5851.30627301001
0.124138555137581,5824.56409989554
0.124295891709365,5798.16885043241
0.124453228281149,5772.42550720184
0.124610564852933,5746.83927800641
0.124767901424717,5721.40890891532
0.124925237996501,5696.52663274563
0.125082574568285,5672.07435908543
0.125239911140069,5647.76586115272
0.125397247711853,5623.60003394886
0.125554584283637,5600.1377775189
0.125711920855421,5576.89456547613
0.125869257427205,5553.78301643687
0.126026593998989,5530.88083824428
0.126183930570773,5508.6525245633
0.126341267142557,5486.54569616277
0.126498603714341,5464.55948597115
0.126655940286125,5442.90840492052
0.126813276857909,5421.7620055605
0.126970613429693,5400.72688058259
0.127127950001477,5379.80226569354
0.127285286573261,5359.3166749771
0.127442623145045,5339.19686561178
0.127599959716829,5319.17892275016
0.127757296288613,5299.26217351906
0.127914632860397,5279.86773332221
0.128071969432181,5260.72237797325
0.128229306003965,5241.67022347048
0.128386642575749,5222.71067817578
0.128543979147533,5204.31604043691
0.128701315719317,5186.07294309735
0.128858652291101,5167.91529710669
0.129015988862885,5149.84258077657
0.129173325434669,5132.38795260114
0.129330662006453,5115.01280476136
0.129487998578237,5097.7158613829
0.129645335150021,5080.54495823686
0.129802671721805,5063.93071114208
0.129960008293589,5047.38832530957
0.130117344865373,5030.91739600896
0.130274681437157,5014.59669567813
0.130432018008941,4998.7679118377
0.130589354580725,4983.00483956699
0.130746691152509,4967.30712381479
0.130904027724293,4951.76967797902
0.131061364296077,4936.68372744223
0.131218700867861,4921.65786196976
0.131376037439645,4906.69177023001
0.131533374011429,4891.88636484252
0.131690710583213,4877.51956396253
0.131848047154997,4863.20756445866
0.132005383726781,4848.95009449843
0.132162720298565,4834.83618058853
0.132320056870349,4821.13985969014
0.132477393442133,4807.49359121457
0.132634730013917,4793.89713738897
0.132792066585701,4780.41955808681
0.132949403157485,4767.36110635213
0.133106739729269,4754.34833962077
0.133264076301053,4741.38105019517
0.133421412872837,4728.50000288135
0.133578749444621,4716.06344716311
0.133736086016405,4703.66845150137
0.133893422588189,4691.31483546445
0.134050759159973,4679.00344468395
0.134208095731757,4667.15875659154
0.134365432303541,4655.35184227179
0.134522768875325,4643.58254525081
0.134680105447109,4631.85070985
0.134837442018893,4620.5052398703
0.134994778590677,4609.23872565721
0.135152115162461,4598.00650830743
0.135309451734245,4586.80845221223
0.135466788306029,4575.94575855568
0.135624124877813,4565.21683953702
0.135781461449597,4554.51901677529
0.135938798021381,4543.85217319473
0.136096134593165,4533.4394211881
0.136253471164949,4523.21571028193
0.136410807736733,4513.02020449894
0.136568144308517,4502.85280273439
0.136725480880301,4492.86488537974
0.136882817452085,4483.1370617692
0.137040154023869,4473.43470564805
0.137197490595653,4463.75773033928
0.137354827167437,4454.16746187393
0.137512163739221,4444.8816238209
0.137669500311005,4435.61892246088
0.137826836882789,4426.37928279464
0.137984173454573,4417.16263011803
0.138141510026357,4408.31443930329
0.138298846598141,4399.50796443696
0.138456183169925,4390.72221961056
0.138613519741709,4381.95714125849
0.138770856313493,4373.44176315738
0.138928192885277,4365.05203037901
0.139085529457061,4356.68099263508
0.139242866028845,4348.3285955716
0.139400202600629,4340.12622344982
0.139557539172413,4332.13909736954
0.139714875744197,4324.16877832482
0.139872212315981,4316.21522006896
0.140029548887765,4308.30910407933
0.140186885459549,4300.71964222249
0.140344222031333,4293.14519699584
0.140501558603117,4285.58572942713
0.140658895174901,4278.04120066428
0.140816231746685,4270.74420176495
0.140973568318469,4263.53268963009
0.141130904890253,4256.33459597099
0.141288241462037,4249.14988790586
0.141445578033821,4242.10171953831
0.141602914605605,4235.2409945661
0.141760251177389,4228.39224502898
0.141917587749173,4221.55544325591
0.142074924320957,4214.74271980428
0.142232260892741,4208.23062656736
0.142389597464525,4201.72913607062
0.142546934036309,4195.2382253012
0.142704270608093,4188.75787130337
0.142861607179877,4182.46720447737
0.143018943751661,4176.28402019911
0.143176280323445,4170.11022292219
0.143333616895229,4163.94579347693
0.143490953467013,4157.85588569405
0.143648290038797,4151.99076564617
0.143805626610581,4146.13389418603
0.143962963182365,4140.28525552084
0.144120299754149,4134.4448338907
0.144277636325933,4128.81706816138
0.144434972897717,4123.24912236385
0.144592309469501,4117.68842714054
0.144749646041285,4112.13496943958
0.144906982613069,4106.67769186916
0.145064319184853,4101.39979360105
0.145221655756637,4096.12820616137
0.145378992328421,4090.86291890215
0.145536328900205,4085.60392119324
0.145693665471989,4080.57363056622
0.145851002043773,4075.58372993481
0.146008338615557,4070.59926329253
0.146165675187341,4065.62022204769
0.146323011759125,4060.73343914613
0.146480348330909,4055.99985724292
0.146637684902693,4051.27096430356
0.146795021474477,4046.54675334093
0.146952358046261,4041.8272173764
0.147109694618045,4037.30283477334
0.147267031189829,4032.81466910025
0.147424367761613,4028.330522034
0.147581704333397,4023.8503878996
0.147739040905181,4019.45077092697
0.147896377476965,4015.21496302615
0.148053714048749,4010.98251500456
0.148211050620533,4006.75342235748
0.148368387192318,4002.5276805832
0.148525723764102,3998.46541910684
0.148683060335885,3994.45306972691
0.14884039690767,3990.44353502322
0.148997733479454,3986.43681135014
0.149155070051238,3982.47485835443
0.149312406623022,3978.67775369323
0.149469743194806,3974.88296453356
0.14962707976659,3971.09048793049
0.149784416338374,3967.30032093909
0.149941752910158,3963.63786167855
0.150099089481942,3960.05375319682
0.150256426053726,3956.47149709079
0.15041376262551,3952.89109097743
0.150571099197294,3949.3164315196
0.150728435769078,3945.93020371003
0.150885772340862,3942.5454227203
0.151043108912646,3939.16208658827
0.15120044548443,3935.7801933501
0.151357782056214,3932.47244225317
0.151515118627998,3929.27315955416
0.151672455199782,3926.0749647876
0.151829791771566,3922.87785629585
0.15198712834335,3919.68183241893
0.152144464915134,3916.61130820459
0.152301801486918,3913.57828266614
0.152459138058702,3910.54604465941
0.152616474630486,3907.51459272835
0.15277381120227,3904.50523692501
0.152931147774054,3901.64311073921
0.153088484345838,3898.78148233544
0.153245820917622,3895.92035040665
0.153403157489406,3893.05971364276
0.15356049406119,3890.26947754703
0.153717830632974,3887.55926147695
0.153875167204758,3884.84930130667
0.154032503776542,3882.13959580656
0.154189840348326,3879.43014374362
0.15434717692011,3876.82581695176
0.154504513491894,3874.24858212265
0.154661850063678,3871.67140331589
0.154819186635462,3869.09427933093
0.154976523207246,3866.53083320421
0.15513385977903,3864.07640126153
0.155291196350814,3861.6218519865
0.155448532922598,3859.16718417907
0.155605869494382,3856.71239663538
0.155763206066166,3854.30471230599
0.15592054263795,3851.96314640098
0.156077879209734,3849.62131101834
0.156235215781518,3847.27920493039
0.156392552353302,3844.93682690542
0.156549888925086,3842.65727350714
0.15670722549687,3840.40291475994
0.156864562068654,3838.14817287385
0.157021898640438,3835.89304658036
0.157179235212222,3833.63753460668
