0,0.0254,0
0.000125164870738238,0.0254,0
0.000250329741476475,0.0254,0
0.000375494612214713,0.0254,0
0.000500659482952951,0.0254,0
0.000625824353691188,0.0254,0
0.000750989224429426,0.0254,0
0.000876154095167663,0.0254,0
0.0010013189659059,0.0254,0
0.00112648383664414,0.0254,0
0.00125164870738238,0.0254,0
0.00137681357812061,0.0254,0
0.00150197844885885,0.0254,0
0.00162714331959709,0.0254,0
0.00175230819033533,0.0254,0
0.00187747306107356,0.0254,0
0.0020026379318118,0.0254,0
0.00212780280255004,0.0254,0
0.00225296767328828,0.0254,0
0.00237813254402652,0.0254,0
0.00250329741476475,0.0254,0
0.00262846228550299,0.0254,0
0.00275362715624123,0.0254,0
0.00287879202697947,0.0254,0
0.0030039568977177,0.0254,0
0.00312912176845594,0.0254,0
0.00325428663919418,0.0254,0
0.00337945150993242,0.0254,0
0.00350461638067065,0.0254,0
0.00362978125140889,0.0254,0
0.00375494612214713,0.0254,0
0.00388011099288537,0.0254,0
0.0040052758636236,0.0254,0
0.00413044073436184,0.0254,0
0.00425560560510008,0.0254,0
0.00438077047583832,0.0254,0
0.00450593534657656,0.0254,0
0.00463110021731479,0.0254,0
0.00475626508805303,0.0254,0
0.00488142995879127,0.0254,0
0.00500659482952951,0.0254,0
0.00513175970026774,0.0254,0
0.00525692457100598,0.0254,0
0.00538208944174422,0.0254,0
0.00550725431248246,0.0254,0
0.00563241918322069,0.0254,0
0.00575758405395893,0.0254,0
0.00588274892469717,0.0254,0
0.00600791379543541,0.0254,0
0.00613307866617365,0.0254,0
0.00625824353691188,0.0254,0
0.00638340840765012,0.0254,0
0.00650857327838836,0.0254,0
0.00663373814912659,0.0254,0
0.00675890301986483,0.0254,0
0.00688406789060307,0.0254,0
0.00700923276134131,0.0254,0
0.00713439763207955,0.0254,0
0.00725956250281778,0.0254,0
0.00738472737355602,0.0254,0
0.00750989224429426,0.0254,0
0.0076350571150325,0.0254,0
0.00776022198577073,0.0254,0
0.00788538685650897,0.0254,0
0.00801055172724721,0.0254,0
0.00813571659798545,0.0254,0
0.00826088146872368,0.0254,0
0.00838604633946192,0.0254,0
0.00851121121020016,0.0254,0
0.0086363760809384,0.0254,0
0.00876154095167664,0.0254,0
0.00888670582241487,0.0254,0
0.00901187069315311,0.0254,0
0.00913703556389135,0.0254,0
0.00926220043462959,0.0254,0
0.00938736530536782,0.0254,0
0.00951253017610606,0.0254,0
0.0096376950468443,0.0254,0
0.00976285991758254,0.0254,0
0.00988802478832077,0.0254,0
0.010013189659059,0.0254,0
0.0101383545297972,0.0254,0
0.0102635194005355,0.0254,0
0.0103886842712737,0.0254,0
0.010513849142012,0.0254,0
0.0106390140127502,0.0254,0
0.0107641788834884,0.0254,0
0.0108893437542267,0.0254,0
0.0110145086249649,0.0254,0
0.0111396734957032,0.0254,0
0.0112648383664414,0.0254,0
0.0113900032371796,0.0254,0
0.0115151681079179,0.0254,0
0.0116403329786561,0.0254,0
0.0117654978493943,0.0254,0
0.0118906627201326,0.0254,0
0.0120158275908708,0.0254,0
0.0121409924616091,0.0254,0
0.0122661573323473,0.0254,0
0.0123913222030855,0.0254,0
0.0125164870738238,0.0254,0
0.012641651944562,0.0254,0
0.0127668168153002,0.0254,0
0.0128919816860385,0.0254,0
0.0130171465567767,0.0254,0
0.013142311427515,0.0254,0
0.0132674762982532,0.0254,0
0.0133926411689914,0.0254,0
0.0135178060397297,0.0254,0
0.0136429709104679,0.0254,0
0.0137681357812061,0.0254,0
0.0138933006519444,0.0254,0
0.0140184655226826,0.0254,0
0.0141436303934209,0.0254,0
0.0142687952641591,0.0254,0
0.0143939601348973,0.0254,0
0.0145191250056356,0.0254,0
0.0146442898763738,0.0254,0
0.014769454747112,0.0254,0
0.0148946196178503,0.0254,0
0.0150197844885885,0.0254,0
0.0151449493593268,0.0254,0
0.015270114230065,0.0254,0
0.0153952791008032,0.0254,0
0.0155204439715415,0.0254,0
0.0156456088422797,0.0254,0
0.0157707737130179,0.0254,0
0.0158959385837562,0.0254,0
0.0160211034544944,0.0254,0
0.0161462683252327,0.0254,0
0.0162714331959709,0.0254,0
0.0163965980667091,0.0254,0
0.0165217629374474,0.0254,0
0.0166469278081856,0.0254,0
0.0167720926789238,0.0254,0
0.0168972575496621,0.0254,0
0.0170224224204003,0.0254,0
0.0171475872911386,0.0254,0
0.0172727521618768,0.0254,0
0.017397917032615,0.0254,0
0.0175230819033533,0.0254,0
0.0176482467740915,0.0254,0
0.0177734116448297,0.0254,0
0.017898576515568,0.0254,0
0.0180237413863062,0.0254,0
0.0181489062570445,0.0254,0
0.0182740711277827,0.0254,0
0.0183992359985209,0.0254,0
0.0185244008692592,0.0254,0
0.0186495657399974,0.0254,0
0.0187747306107356,0.0254,0
0.0188998954814739,0.0254,0
0.0190250603522121,0.0254,0
0.0191502252229504,0.0254,0
0.0192753900936886,0.0254,0
0.0194005549644268,0.0254,0
0.0195257198351651,0.0254,0
0.0196508847059033,0.0254,0
0.0197760495766415,0.0254,0
0.0199012144473798,0.0254,0
0.020026379318118,0.0254,0
0.0201515441888563,0.0254,0
0.0202767090595945,0.0254,0
0.0204018739303327,0.0254,0
0.020527038801071,0.0254,0
0.0206522036718092,0.0254,0
0.0207773685425475,0.0254,0
0.0209025334132857,0.0254,0
0.0210276982840239,0.0254,0
0.0211528631547622,0.0254,0
0.0212780280255004,0.0254,0
0.0214031928962386,0.0254,0
0.0215283577669769,0.0254,0
0.0216535226377151,0.0254,0
0.0217786875084534,0.0254,0
0.0219038523791916,0.0254,0
0.0220290172499298,0.0254,0
0.0221541821206681,0.0254,0
0.0222793469914063,0.0254,0
0.0224045118621445,0.0254,0
0.0225296767328828,0.0254,0
0.022654841603621,0.0254,0
0.0227800064743593,0.0254,0
0.0229051713450975,0.0254,0
0.0230303362158357,0.0254,0
0.023155501086574,0.0254,0
0.0232806659573122,0.0254,0
0.0234058308280504,0.0254,0
0.0235309956987887,0.0254,0
0.0236561605695269,0.0254,0
0.0237813254402652,0.0254,0
0.0239064903110034,0.0254,0
0.0240316551817416,0.0254,0
0.0241568200524799,0.0254,0
0.0242819849232181,0.0254,0
0.0244071497939563,0.0254,0
0.0245323146646946,0.0254,0
0.0246574795354328,0.0254,0
0.0247826444061711,0.0254,0
0.0249078092769093,0.0254,0
0.0250329741476475,0.0254,0
0.0251581390183858,0.0254,0
0.025283303889124,0.0254,0
0.0254084687598622,0.0254,0
0.0255336336306005,0.0254,0
0.0256587985013387,0.0254,0
0.025783963372077,0.0254,0
0.0259091282428152,0.0254,0
0.0260342931135534,0.0254,0
0.0261594579842917,0.0254,0
0.0262846228550299,0.0254,0
0.0264097877257681,0.0254,0
0.0265349525965064,0.0254,0
0.0266601174672446,0.0254,0
0.0267852823379829,0.0254,0
0.0269104472087211,0.0254,0
0.0270356120794593,0.0254,0
0.0271607769501976,0.0254,0
0.0272859418209358,0.0254,0
0.027411106691674,0.0254,0
0.0275362715624123,0.0254,0
0.0276614364331505,0.0254,0
0.0277866013038888,0.0254,0
0.027911766174627,0.0254,0
0.0280369310453652,0.0254,0
0.0281620959161035,0.0254,0
0.0282872607868417,0.0254,0
0.0284124256575799,0.0254,0
0.0285375905283182,0.0254,0
0.0286627553990564,0.0254,0
0.0287879202697947,0.0254,0
0.0289130851405329,0.0254,0
0.0290382500112711,0.0254,0
0.0291634148820094,0.0254,0
0.0292885797527476,0.0254,0
0.0294137446234858,0.0254,0
0.0295389094942241,0.0254,0
0.0296640743649623,0.0254,0
0.0297892392357006,0.0254,0
0.0299144041064388,0.0254,0
0.030039568977177,0.0254,0
0.0301647338479153,0.0254,0
0.0302898987186535,0.0254,0
0.0304150635893917,0.0254,0
0.03054022846013,0.0254,0
0.0306653933308682,0.0254,0
0.0307905582016065,0.0254,0
0.0309157230723447,0.0254,0
0.0310408879430829,0.0254,0
0.0311660528138212,0.0254,0
0.0312912176845594,0.0254,0
0.0314163825552976,0.0254,0
0.0315415474260359,0.0254,0
0.0316667122967741,0.0254,0
0.0317918771675124,0.0254,0
0.0319170420382506,0.0254,0
0.0320422069089888,0.0254,0
0.0321673717797271,0.0254,0
0.0322925366504653,0.0254,0
0.0324177015212036,0.0254,0
0.0325428663919418,0.0254,0
0.03266803126268,0.0254,0
0.0327931961334183,0.0254,0
0.0329183610041565,0.0254,0
0.0330435258748947,0.0254,0
0.033168690745633,0.0254,0
0.0332938556163712,0.0254,0
0.0334190204871095,0.0254,0
0.0335441853578477,0.0254,0
0.0336693502285859,0.0254,0
0.0337945150993242,0.0254,0
0.0339196799700624,0.0254,0
0.0340448448408006,0.0254,0
0.0341700097115389,0.0254,0
0.0342951745822771,0.0254,0
0.0344203394530154,0.0254,0
0.0345455043237536,0.0254,0
0.0346706691944918,0.0254,0
0.0347958340652301,0.0254,0
0.0349209989359683,0.0254,0
0.0350461638067065,0.0254,0
0.0351713286774448,0.0254,0
0.035296493548183,0.0254,0
0.0354216584189213,0.0254,0
0.0355468232896595,0.0254,0
0.0356719881603977,0.0254,0
0.035797153031136,0.0254,0
0.0359223179018742,0.0254,0
0.0360474827726124,0.0254,0
0.0361726476433507,0.0254,0
0.0362978125140889,0.0254,0
0.0364229773848272,0.0254,0
0.0365481422555654,0.0254,0
0.0366733071263036,0.0254,0
0.0367984719970419,0.0254,0
0.0369236368677801,0.0254,0
0.0370488017385183,0.0254,0
0.0371739666092566,0.0254,0
0.0372991314799948,0.0254,0
0.0374242963507331,0.0254,0
0.0375494612214713,0.0254,0
0.0376746260922095,0.0254,0
0.0377997909629478,0.0254,0
0.037924955833686,0.0254,0
0.0380501207044242,0.0254,0
0.0381752855751625,0.0254,0
0.0383004504459007,0.0254,0
0.038425615316639,0.0254,0
0.0385507801873772,0.0254,0
0.0386759450581154,0.0254,0
0.0388011099288537,0.0254,0
0.0389262747995919,0.0254,0
0.0390514396703301,0.0254,0
0.0391766045410684,0.0254,0
0.0393017694118066,0.0254,0
0.0394269342825449,0.0254,0
0.0395520991532831,0.0254,0
0.0396772640240213,0.0254,0
0.0398024288947596,0.0254,0
0.0399275937654978,0.0254,0
0.0400527586362361,0.0254,0
0.0401779235069743,0.0254,0
0.0403030883777125,0.0254,0
0.0404282532484508,0.0254,0
0.040553418119189,0.0254,0
0.0406785829899272,0.0254,0
0.0408037478606655,0.0254,0
0.0409289127314037,0.0254,0
0.0410540776021419,0.0254,0
0.0411792424728802,0.0254,0
0.0413044073436184,0.0254,0
0.0414295722143567,0.0254,0
0.0415547370850949,0.0254,0
0.0416799019558331,0.0254,0
0.0418050668265714,0.0254,0
0.0419302316973096,0.0254,0
0.0420553965680478,0.0254,0
0.0421805614387861,0.0254,0
0.0423057263095243,0.0254,0
0.0424308911802626,0.0254,0
0.0425560560510008,0.0254,0
0.042681220921739,0.0254,0
0.0428063857924773,0.0254,0
0.0429315506632155,0.0254,0
0.0430567155339538,0.0254,0
0.043181880404692,0.0254,0
0.0433070452754302,0.0254,0
0.0434322101461685,0.0253999826720515,0
0.0435573750169067,0.0253998192441985,0
0.0436825398876449,0.0253994830943334,0
0.0438077047583832,0.0253989748381651,0
0.0439328696291214,0.0253982945469158,0
0.0440580344998596,0.0253974419381699,0
0.0441831993705979,0.0253964169364912,0
0.0443083642413361,0.0253952196794536,0
0.0444335291120744,0.0253938502402277,0
0.0445586939828126,0.0253923084860549,0
0.0446838588535508,0.02539059436293,0
0.0448090237242891,0.0253887079409066,0
0.0449341885950273,0.0253866492649423,0
0.0450593534657656,0.0253844182401171,0
0.0451845183365038,0.0253820148229438,0
0.045309683207242,0.0253794390550014,0
0.0454348480779803,0.0253766909638588,0
0.0455600129487185,0.0253737704699468,0
0.0456851778194567,0.0253706775348572,0
0.045810342690195,0.0253674121832734,0
0.0459355075609332,0.0253639744303857,0
0.0460606724316715,0.025360364203506,0
0.0461858373024097,0.025356581466659,0
0.0463110021731479,0.0253526262325941,0
0.0464361670438862,0.0253484985066993,0
0.0465613319146244,0.0253441982190558,0
0.0466864967853626,0.0253397253346921,0
0.0468116616561009,0.0253350798569965,0
0.0469368265268391,0.0253302617829929,0
0.0470619913975774,0.0253252710432488,0
0.0471871562683156,0.0253201076029531,0
0.0473123211390538,0.0253147714576338,0
0.0474374860097921,0.0253092625967749,0
0.0475626508805303,0.0253035809500849,0
0.0476878157512685,0.0252977264823672,0
0.0478129806220068,0.025291699182238,0
0.047938145492745,0.0252854990320903,0
0.0480633103634833,0.0252791259599915,0
0.0481884752342215,0.0252725799299652,0
0.0483136401049597,0.0252658609243499,0
0.048438804975698,0.0252589689186359,0
0.0485639698464362,0.0252519038388633,0
0.0486891347171744,0.0252446656479465,0
0.0488142995879127,0.0252372543223886,0
0.0489394644586509,0.0252296698307632,0
0.0490646293293892,0.0252219120970137,0
0.0491897942001274,0.0252139810826267,0
0.0493149590708656,0.0252058767585874,0
0.0494401239416039,0.0251975990863639,0
0.0495652888123421,0.0251891479880197,0
0.0496904536830803,0.0251805234232652,0
0.0498156185538186,0.0251717253578014,0
0.0499407834245568,0.0251627537456363,0
0.0500659482952951,0.0251536085074522,0
0.0501911131660333,0.0251442896007734,0
0.0503162780367715,0.0251347969861911,0
0.0504414429075098,0.0251251306097318,0
0.050566607778248,0.0251152903914888,0
0.0506917726489862,0.0251052762863011,0
0.0508169375197245,0.0250950882497808,0
0.0509421023904627,0.0250847262192781,0
0.051067267261201,0.0250741901154049,0
0.0511924321319392,0.0250634798896996,0
0.0513175970026774,0.0250525954928938,0
0.0514427618734157,0.0250415368527798,0
0.0515679267441539,0.0250303038919412,0
0.0516930916148921,0.0250188965578599,0
0.0518182564856304,0.0250073147962327,0
0.0519434213563686,0.0249955585248923,0
0.0520685862271069,0.0249836276695462,0
0.0521937510978451,0.0249715221729248,0
0.0523189159685833,0.0249592419746427,0
0.0524440808393216,0.0249467869845696,0
0.0525692457100598,0.0249341571304909,0
0.052694410580798,0.0249213523503727,0
0.0528195754515363,0.0249083725764162,0
0.0529447403222745,0.0248952177130818,0
0.0530699051930128,0.0248818876888545,0
0.053195070063751,0.024868382436971,0
0.0533202349344892,0.0248547018806405,0
0.0534453998052275,0.0248408459219018,0
0.0535705646759657,0.0248268144883775,0
0.053695729546704,0.0248126075085969,0
0.0538208944174422,0.0247982248949218,0
0.0539460592881804,0.0247836665504588,0
0.0540712241589187,0.0247689324001815,0
0.0541963890296569,0.024754022367659,0
0.0543215539003951,0.0247389363530376,0
0.0544467187711334,0.0247236742637548,0
0.0545718836418716,0.0247082360203523,0
0.0546970485126098,0.0246926215393769,0
0.0548222133833481,0.0246768307124505,0
0.0549473782540863,0.0246608634498445,0
0.0550725431248246,0.0246447196673844,0
0.0551977079955628,0.0246283992719092,0
0.055322872866301,0.0246119021516816,0
0.0554480377370393,0.0245952282171723,0
0.0555732026077775,0.0245783773794832,0
0.0556983674785158,0.0245613495326814,0
0.055823532349254,0.024544144567541,0
0.0559486972199922,0.0245267623917668,0
0.0560738620907305,0.0245092029103613,0
0.0561990269614687,0.0244914660052226,0
0.0563241918322069,0.0244735515722113,0
0.0564493567029452,0.0244554595142873,0
0.0565745215736834,0.0244371897266166,0
0.0566996864444217,0.0244187420861376,0
0.0568248513151599,0.0244001164901827,0
0.0569500161858981,0.0243813128369217,0
0.0570751810566364,0.0243623310074566,0
0.0572003459273746,0.0243431708819275,0
0.0573255107981128,0.0243238323550346,0
0.0574506756688511,0.0243043153177735,0
0.0575758405395893,0.0242846196395077,0
0.0577010054103275,0.024264745205655,0
0.0578261702810658,0.0242446919060615,0
0.057951335151804,0.0242244596194498,0
0.0580765000225423,0.0242040482133392,0
0.0582016648932805,0.0241834575734503,0
0.0583268297640187,0.024162687583876,0
0.058451994634757,0.0241417381079805,0
0.0585771595054952,0.0241206090198474,0
0.0587023243762335,0.0240993002008543,0
0.0588274892469717,0.0240778115238303,0
0.0589526541177099,0.0240561428468877,0
0.0590778189884482,0.0240342940464742,0
0.0592029838591864,0.0240122649984971,0
0.0593281487299246,0.0239900555592734,0
0.0594533136006629,0.0239676655932772,0
0.0595784784714011,0.0239450949732554,0
0.0597036433421394,0.0239223435637348,0
0.0598288082128776,0.0238994112146631,0
0.0599539730836158,0.0238762977937554,0
0.0600791379543541,0.0238530031679651,0
0.0602043028250923,0.023829527184675,0
0.0603294676958305,0.0238058697007638,0
0.0604546325665688,0.0237820305801695,0
0.060579797437307,0.0237580096768934,0
0.0607049623080453,0.0237338068337497,0
0.0608301271787835,0.0237094219102498,0
0.0609552920495217,0.0236848547633,0
0.06108045692026,0.0236601052302341,0
0.0612056217909982,0.0236351731618633,0
0.0613307866617364,0.0236100584131209,0
0.0614559515324747,0.0235847608246105,0
0.0615811164032129,0.0235592802344434,0
0.0617062812739512,0.0235336164936648,0
0.0618314461446894,0.0235077694469335,0
0.0619566110154276,0.0234817389227044,0
0.0620817758861659,0.0234555247660294,0
0.0622069407569041,0.0234291268216746,0
0.0623321056276423,0.0234025449153832,0
0.0624572704983806,0.0233757788830732,0
0.0625824353691188,0.0233488285664775,0
0.0627076002398571,0.0233216937939463,0
0.0628327651105953,0.0232943743899724,0
0.0629579299813335,0.0232668701922244,0
0.0630830948520718,0.0232391810312611,0
0.06320825972281,0.0232113067228781,0
0.0633334245935483,0.0231832470991467,0
0.0634585894642865,0.0231550019902303,0
0.0635837543350247,0.0231265712075363,0
0.063708919205763,0.023097954575677,0
0.0638340840765012,0.0230691519223877,0
0.0639592489472394,0.0230401630578694,0
0.0640844138179777,0.0230109877979654,0
0.0642095786887159,0.0229816259665103,0
0.0643347435594541,0.0229520773745174,0
0.0644599084301924,0.0229223418284057,0
0.0645850733009306,0.0228924191477048,0
0.0647102381716689,0.022862309143339,0
0.0648354030424071,0.0228320116141216,0
0.0649605679131453,0.0228015263744834,0
0.0650857327838836,0.0227708532338695,0
0.0652108976546218,0.0227399919854094,0
0.06533606252536,0.0227089424377275,0
0.0654612273960983,0.0226777043977364,0
0.0655863922668365,0.0226462776541373,0
0.0657115571375748,0.0226146620093657,0
0.065836722008313,0.0225828572670287,0
0.0659618868790512,0.0225508632120996,0
0.0660870517497895,0.0225186796407121,0
0.0662122166205277,0.0224863063526215,0
0.066337381491266,0.0224537431293245,0
0.0664625463620042,0.0224209897607575,0
0.0665877112327424,0.0223880460424527,0
0.0667128761034807,0.0223549117523343,0
0.0668380409742189,0.0223215866744128,0
0.0669632058449571,0.0222880705997505,0
0.0670883707156954,0.0222543633023558,0
0.0672135355864336,0.0222204645607028,0
0.0673387004571719,0.0221863741612118,0
0.0674638653279101,0.0221520918734815,0
0.0675890301986483,0.0221176174709086,0
0.0677141950693866,0.0220829507351281,0
0.0678393599401248,0.0220480914307773,0
0.067964524810863,0.0220130393266586,0
0.0680896896816013,0.0219777941994586,0
0.0682148545523395,0.021942355808338,0
0.0683400194230778,0.0219067239179646,0
0.068465184293816,0.0218708982998494,0
0.0685903491645542,0.0218348787072867,0
0.0687155140352925,0.0217986649012031,0
0.0688406789060307,0.0217622566475957,0
0.0689658437767689,0.0217256536937186,0
0.0690910086475072,0.021688855797039,0
0.0692161735182454,0.0216518627175466,0
0.0693413383889837,0.0216146741965861,0
0.0694665032597219,0.0215772899882907,0
0.0695916681304601,0.0215397098459508,0
0.0697168330011984,0.0215019335055235,0
0.0698419978719366,0.0214639607177351,0
0.0699671627426749,0.0214257912282407,0
0.0700923276134131,0.0213874247686108,0
0.0702174924841513,0.0213488610858498,0
0.0703426573548896,0.0213100999167538,0
0.0704678222256278,0.0212711409900738,0
0.070592987096366,0.0212319840484364,0
0.0707181519671043,0.0211926288183891,0
0.0708433168378425,0.0211530750279182,0
0.0709684817085807,0.0211133224134226,0
0.071093646579319,0.0210733706921972,0
0.0712188114500572,0.0210332195914971,0
0.0713439763207954,0.0209928688395428,0
0.0714691411915337,0.0209523181469012,0
0.0715943060622719,0.0209115672390085,0
0.0717194709330102,0.0208706158337345,0
0.0718446358037484,0.0208294636383469,0
0.0719698006744866,0.0207881103747991,0
0.0720949655452249,0.0207465557483032,0
0.0722201304159631,0.0207047994668801,0
0.0723452952867014,0.0206628412451043,0
0.0724704601574396,0.0206206807782501,0
0.0725956250281778,0.0205783177746488,0
0.0727207898989161,0.0205357519378372,0
0.0728459547696543,0.0204929829585219,0
0.0729711196403925,0.0204500105426803,0
0.0730962845111308,0.0204068343794642,0
0.073221449381869,0.0203634541611824,0
0.0733466142526073,0.0203198695856183,0
0.0734717791233455,0.020276080331623,0
0.0735969439940837,0.0202320860925024,0
0.073722108864822,0.0201878865524857,0
0.0738472737355602,0.0201434813881563,0
0.0739724386062984,0.0200988702886769,0
0.0740976034770367,0.0200540529233184,0
0.0742227683477749,0.0200090289720588,0
0.0743479332185132,0.0199637981115041,0
0.0744730980892514,0.0199183600052048,0
0.0745982629599896,0.0198727143316937,0
0.0747234278307279,0.0198268607505474,0
0.0748485927014661,0.019780798929084,0
0.0749737575722043,0.0197345285340168,0
0.0750989224429426,0.0196880492171918,0
0.0752240873136808,0.019641360645854,0
0.0753492521844191,0.0195944624685134,0
0.0754744170551573,0.0195473543411099,0
0.0755995819258955,0.0195000359185018,0
0.0757247467966338,0.019452506841475,0
0.075849911667372,0.019404766765714,0
0.0759750765381103,0.0193568153271337,0
0.0761002414088485,0.0193086521716421,0
0.0762254062795867,0.0192602769400339,0
0.076350571150325,0.0192116892630928,0
0.0764757360210632,0.0191628887839639,0
0.0766009008918014,0.0191138751253645,0
0.0767260657625397,0.0190646479240246,0
0.0768512306332779,0.0190152068037266,0
0.0769763955040162,0.0189655513877544,0
0.0771015603747544,0.0189156813039658,0
0.0772267252454926,0.0188655961632765,0
0.0773518901162309,0.0188152955918331,0
0.0774770549869691,0.0187647791958726,0
0.0776022198577073,0.0187140465925021,0
0.0777273847284456,0.018663097389937,0
0.0778525495991838,0.0186119311917502,0
0.077977714469922,0.0185605476084154,0
0.0781028793406603,0.0185089462326482,0
0.0782280442113985,0.0184571266722146,0
0.0783532090821368,0.0184050885146404,0
0.078478373952875,0.0183528313596019,0
0.0786035388236132,0.0183003547942397,0
0.0787287036943515,0.0182476584062372,0
0.0788538685650897,0.018194741784408,0
0.078979033435828,0.0181416045044327,0
0.0791041983065662,0.0180882461539267,0
0.0792293631773044,0.0180346663005066,0
0.0793545280480427,0.0179808645267526,0
0.0794796929187809,0.0179268403955914,0
0.0796048577895191,0.0178725934813632,0
0.0797300226602574,0.0178181233450192,0
0.0798551875309956,0.0177634295502297,0
0.0799803524017339,0.0177085116576469,0
0.0801055172724721,0.0176533692195898,0
0.0802306821432103,0.017598001795167,0
0.0803558470139486,0.0175424089273107,0
0.0804810118846868,0.0174865901714057,0
0.080606176755425,0.0174305450628982,0
0.0807313416261633,0.0173742731516058,0
0.0808565064969015,0.0173177739669228,0
0.0809816713676397,0.0172610470516956,0
0.081106836238378,0.0172040919302806,0
0.0812320011091162,0.0171469081375431,0
0.0813571659798545,0.0170894951934398,0
0.0814823308505927,0.0170318526241941,0
0.081607495721331,0.0169739799456714,0
0.0817326605920692,0.0169158766750962,0
0.0818578254628074,0.0168575423242636,0
0.0819829903335457,0.0167989764013846,0
0.0821081552042839,0.016740178413721,0
0.0822333200750221,0.0166811478609078,0
0.0823584849457604,0.0166218842449454,0
0.0824836498164986,0.0165623870574161,0
0.0826088146872369,0.0165026557944014,0
0.0827339795579751,0.0164426899398083,0
0.0828591444287133,0.0163824889832622,0
0.0829843092994516,0.0163220524012705,0
0.0831094741701898,0.0162613796765391,0
0.083234639040928,0.0162004702783945,0
0.0833598039116663,0.0161393236821913,0
0.0834849687824045,0.016077939350279,0
0.0836101336531427,0.0160163167502171,0
0.083735298523881,0.0159544553376106,0
0.0838604633946192,0.0158923545717248,0
0.0839856282653575,0.0158300139017254,0
0.0841107931360957,0.0157674327779847,0
0.0842359580068339,0.015704610643648,0
0.0843611228775722,0.0156415469394589,0
0.0844862877483104,0.0155782411029773,0
0.0846114526190486,0.015514692564811,0
0.0847366174897869,0.0154509007569822,0
0.0848617823605251,0.0153868650998934,0
0.0849869472312634,0.0153225850196502,0
0.0851121121020016,0.015258059926712,0
0.0852372769727398,0.0151932892405853,0
0.0853624418434781,0.0151282723623683,0
0.0854876067142163,0.0150630087039388,0
0.0856127715849545,0.0149974976579778,0
0.0857379364556928,0.0149317386273146,0
0.085863101326431,0.0148657309975633,0
0.0859882661971693,0.0147994741606509,0
0.0861134310679075,0.014732967496902,0
0.0862385959386457,0.014666210385076,0
0.086363760809384,0.0145992022015778,0
0.0864889256801222,0.014531942311738,0
0.0866140905508604,0.0144644300868065,0
0.0867392554215987,0.0143966648806082,0
0.0868644202923369,0.0143286460563566,0
0.0869895851630752,0.0142603729592556,0
0.0871147500338134,0.0141918449409611,0
0.0872399149045516,0.0141230613414265,0
0.0873650797752899,0.0140540214970492,0
0.0874902446460281,0.0139847247443685,0
0.0876154095167664,0.013915170405449,0
0.0877405743875046,0.0138453578100389,0
0.0878657392582428,0.01377528627006,0
0.0879909041289811,0.0137049551031563,0
0.0881160689997193,0.0136343636159974,0
0.0882412338704575,0.0135635111094485,0
0.0883663987411958,0.0134923968866281,0
0.088491563611934,0.0134210202342435,0
0.0886167284826723,0.0133493804460071,0
0.0887418933534105,0.0132774768008989,0
0.0888670582241487,0.0132053085758984,0
0.088992223094887,0.0131328750466132,0
0.0891173879656252,0.0130601754739843,0
0.0892425528363634,0.0129872091250773,0
0.0893677177071017,0.0129139752521238,0
0.0894928825778399,0.0128404731046875,0
0.0896180474485782,0.0127667019314421,0
0.0897432123193164,0.0126926609658481,0
0.0898683771900546,0.0126183494461902,0
0.0899935420607929,0.0125437665983376,0
0.0901187069315311,0.0124689116414088,0
0.0902438718022693,0.0123937837968037,0
0.0903690366730076,0.0123183822699833,0
0.0904942015437458,0.0122427062665428,0
0.0906193664144841,0.0121667549869791,0
0.0907445312852223,0.0120905276186239,0
0.0908696961559605,0.0120140233519663,0
0.0909948610266988,0.0119372413657062,0
0.091120025897437,0.0118601808301087,0
0.0912451907681752,0.0117828409176478,0
0.0913703556389135,0.0117052207864032,0
0.0914955205096517,0.0116273195890442,0
0.09162068538039,0.0115491364783473,0
0.0917458502511282,0.0114706705922771,0
0.0918710151218664,0.0113919210649398,0
0.0919961799926047,0.0113128870286068,0
0.0921213448633429,0.0112335676011248,0
0.0922465097340811,0.0111539618968249,0
0.0923716746048194,0.0110740690271658,0
0.0924968394755576,0.0109938880895513,0
0.0926220043462958,0.0109134181772651,0
0.0927471692170341,0.0108326583807724,0
0.0928723340877723,0.0107516077765725,0
0.0929974989585106,0.0106702654357546,0
0.0931226638292488,0.0105886304273615,0
0.093247828699987,0.0105067018065753,0
0.0933729935707253,0.0104244786214543,0
0.0934981584414635,0.0103419599185671,0
0.0936233233122018,0.0102591447316001,0
0.09374848818294,0.0101760320852421,0
0.0938736530536782,0.0100926210015351,0
0.0939988179244165,0.0100089104929133,0
0.0941239827951547,0.00992489956065278,0
0.0942491476658929,0.00984058720000251,0
0.0943743125366312,0.00975597240183218,0
0.0944994774073694,0.009671054143669,0
0.0946246422781077,0.00958583139460343,0
0.0947498071488459,0.0095003031197647,0
0.0948749720195841,0.00941446827406648,0
0.0950001368903224,0.0093283258013139,0
0.0951253017610606,0.00924187463742242,0
0.0952504666317988,0.00915511371379155,0
0.0953756315025371,0.00906804194920228,0
0.0955007963732753,0.00898065802516646,0
0.0956259612440136,0.00889364631532016,0
0.0957511261147518,0.00880912078766267,0
0.09587629098549,0.00872716429027522,0
0.0960014558562283,0.00864770630586205,0
0.0961266207269665,0.00857068091015327,0
0.0962517855977047,0.00849602639298867,0
0.096376950468443,0.00842368492123652,0
0.0965021153391812,0.0083536022336134,0
0.0966272802099195,0.00828572737091817,0
0.0967524450806577,0.00822001243042335,0
0.0968776099513959,0.00815641234519074,0
0.0970027748221342,0.00809488468529077,0
0.0971279396928724,0.00803538947715516,0
0.0972531045636107,0.00797788903899324,0
0.0973782694343489,0.00792234783305304,0
0.0975034343050871,0.00786873232986861,0
0.0976285991758254,0.00781701088429549,0
0.0977537640465636,0.00776715362297979,0
0.0978789289173018,0.00771913234110035,0
0.0980040937880401,0.00767292040753276,0
0.0981292586587783,0.00762849267999093,0
0.0982544235295165,0.00758582542298895,0
0.0983795884002548,0.00754489623736011,0
0.098504753270993,0.00750568399089946,0
0.0986299181417313,0.00746816875948404,0
0.0987550830124695,0.00743233176819426,0
0.0988802478832077,0.00739815533939695,0
0.099005412753946,0.00736562284556275,0
0.0991305776246842,0.007334718664615,0
0.0992557424954224,0.00730542813908261,0
0.0993809073661607,0.0072777375389196,0
0.0995060722368989,0.00725163402733549,0
0.0996312371076372,0.00722710562836248,0
0.0997564019783754,0.00720414119765204,0
0.0998815668491136,0.00718273039665545,0
0.100006731719852,0.007162863670459,0
0.10013189659059,0.00714453221939638,0
0.100257061461328,0.00712772798628824,0
0.100382226332067,0.00711244363319928,0
0.100507391202805,0.00709867252618475,0
0.100632556073543,0.00708640872277563,0
0.100757720944281,0.00707564695566371,0
0.10088288581502,0.00706638262248251,0
0.101008050685758,0.00705861178035378,0
0.101133215556496,0.00705233112391433,0
0.101258380427234,0.00704753800185264,0
0.101383545297972,0.00704423038039828,0
0.101508710168711,0.00704240686288197,0
0.101633875039449,0.00704222567774799,0
0.101759039910187,0.00704671784008142,0
0.101884204780925,0.00705706768708485,0
0.102009369651664,0.00707334362627677,0
0.102134534522402,0.00709565541014859,0
0.10225969939314,0.00712415795217624,0
0.102384864263878,0.00715905697921689,0
0.102510029134617,0.00720061702730576,0
0.102635194005355,0.00724910620453311,0
0.102760358876093,0.00730027197982766,0
0.102885523746831,0.00735137215645531,0
0.10301068861757,0.00740240744932648,0
0.103135853488308,0.00745337753813484,0
0.103261018359046,0.00750428209972951,0
0.103386183229784,0.00755512080799019,0
0.103511348100523,0.00760589333467606,0
0.103636512971261,0.00765659934824152,0
0.103761677841999,0.0077072385145782,0
0.103886842712737,0.00775781049705643,0
0.104012007583475,0.00780831495565628,0
0.104137172454214,0.00785875154781459,0
0.104262337324952,0.00790911992824527,0
0.10438750219569,0.00795941974825906,0
0.104512667066428,0.00800965065640073,0
0.104637831937167,0.00805981229841929,0
0.104762996807905,0.00810990431678845,0
0.104888161678643,0.00815992635071532,0
0.105013326549381,0.00820987803664605,0
0.10513849142012,0.00825975900784751,0
0.105263656290858,0.00830956889408258,0
0.105388821161596,0.00835930732198708,0
0.105513986032334,0.00840897391508926,0
0.105639150903073,0.00845856829357883,0
0.105764315773811,0.00850809007412012,0
0.105889480644549,0.00855753886991919,0
0.106014645515287,0.00860691429094242,0
0.106139810386026,0.00865621594365505,0
0.106264975256764,0.00870544343097697,0
0.106390140127502,0.00875459635215292,0
0.10651530499824,0.00880367430275416,0
0.106640469868978,0.00885267687482986,0
0.106765634739717,0.0089016036567075,0
0.106890799610455,0.00895045423294397,0
0.107015964481193,0.00899922818427843,0
0.107141129351931,0.00904792508758411,0
0.10726629422267,0.00909654451576686,0
0.107391459093408,0.00914508603778836,0
0.107516623964146,0.00919354921864916,0
0.107641788834884,0.00924193361928178,0
0.107766953705623,0.00929023879649811,0
0.107892118576361,0.00933846430293595,0
0.108017283447099,0.00938660968700451,0
0.108142448317837,0.00943467449282896,0
0.108267613188576,0.00948265826019391,0
0.108392778059314,0.00953056052448585,0
0.108517942930052,0.00957838081663453,0
0.10864310780079,0.00962611866305317,0
0.108768272671529,0.00967377358557757,0
0.108893437542267,0.00972134510140406,0
0.109018602413005,0.00976883272302625,0
0.109143767283743,0.00981623595817046,0
0.109268932154481,0.00986355430972998,0
0.10939409702522,0.00991078727569801,0
0.109519261895958,0.0099579343490992,0
0.109644426766696,0.0100049950179199,0
0.109769591637434,0.0100519687650368,0
0.109894756508173,0.0100988550681445,0
0.110019921378911,0.0101456533996812,0
0.110145086249649,0.0101923632267528,0
0.110270251120387,0.0102389840110732,0
0.110395415991126,0.0102855152089718,0
0.110520580861864,0.0103319562711461,0
0.110645745732602,0.0103783066426299,0
0.11077091060334,0.0104245657627259,0
0.110896075474079,0.0104707330649202,0
0.111021240344817,0.0105168079767951,0
0.111146405215555,0.0105627899201416,0
0.111271570086293,0.0106086783106746,0
0.111396734957032,0.0106544725577902,0
0.11152189982777,0.0107001720646154,0
0.111647064698508,0.0107457762279585,0
0.111772229569246,0.0107912844385744,0
0.111897394439984,0.0108366960803786,0
0.112022559310723,0.0108820105305217,0
0.112147724181461,0.0109272271595267,0
0.112272889052199,0.0109723453315528,0
0.112398053922937,0.0110173644032822,0
0.112523218793676,0.0110622837242735,0
0.112648383664414,0.0111071026376185,0
0.112773548535152,0.0111518204786709,0
0.11289871340589,0.0111964365751467,0
0.113023878276629,0.0112409502481288,0
0.113149043147367,0.0112853608104087,0
0.113274208018105,0.0113296675670204,0
0.113399372888843,0.0113738698159533,0
0.113524537759582,0.0114179668461232,0
0.11364970263032,0.0114619579393707,0
0.113774867501058,0.0115058423686889,0
0.113900032371796,0.0115496193987952,0
0.114025197242535,0.0115932882863842,0
0.114150362113273,0.0116368482786944,0
0.114275526984011,0.0116802986152677,0
0.114400691854749,0.0117236385255465,0
0.114525856725487,0.0117668672311653,0
0.114651021596226,0.0118099839433172,0
0.114776186466964,0.0118529878650043,0
0.114901351337702,0.0118958781887212,0
0.11502651620844,0.0119386540979681,0
0.115151681079179,0.0119813147662539,0
0.115276845949917,0.0120238593566385,0
0.115402010820655,0.0120662870229771,0
0.115527175691393,0.0121085969075393,0
0.115652340562132,0.0121507881430936,0
0.11577750543287,0.0121928598514716,0
0.115902670303608,0.0122348111429575,0
0.116027835174346,0.012276641117697,0
0.116153000045085,0.0123183488642063,0
0.116278164915823,0.0123599334589922,0
0.116403329786561,0.0124013939676401,0
0.116528494657299,0.0124427294437984,0
0.116653659528037,0.012483938928424,0
0.116778824398776,0.0125250214504808,0
0.116903989269514,0.0125659760266117,0
0.117029154140252,0.0126068016606405,0
0.11715431901099,0.0126474973431929,0
0.117279483881729,0.012688062051514,0
0.117404648752467,0.0127284947496774,0
0.117529813623205,0.0127687943880028,0
0.117654978493943,0.0128089599027958,0
0.117780143364682,0.0128489902160912,0
0.11790530823542,0.0128888842353899,0
0.118030473106158,0.0129286408533771,0
0.118155637976896,0.0129682589476255,0
0.118280802847635,0.0130077373804167,0
0.118405967718373,0.0130470749983754,0
0.118531132589111,0.0130862706321567,0
0.118656297459849,0.0131253230961372,0
0.118781462330588,0.0131642311880961,0
0.118906627201326,0.0132029936888885,0
0.119031792072064,0.0132416093621077,0
0.119156956942802,0.0132800769537396,0
0.11928212181354,0.0133183951918428,0
0.119407286684279,0.0133565627862312,0
0.119532451555017,0.0133945784279758,0
0.119657616425755,0.0134324407890626,0
0.119782781296493,0.0134701485219935,0
0.119907946167232,0.0135077002593719,0
0.12003311103797,0.0135450946134755,0
0.120158275908708,0.0135823301760916,0
0.120283440779446,0.0136194055181169,0
0.120408605650185,0.0136563191883982,0
0.120533770520923,0.0136930697136234,0
0.120658935391661,0.0137296555982642,0
0.120784100262399,0.013766075324349,0
0.120909265133138,0.0138023273494274,0
0.121034430003876,0.0138384101071747,0
0.121159594874614,0.0138743220078892,0
0.121284759745352,0.0139100614352878,0
0.121409924616091,0.0139456267482185,0
0.121535089486829,0.0139810162797626,0
0.121660254357567,0.014016228334797,0
0.121785419228305,0.0140512611928351,0
0.121910584099043,0.0140861131030967,0
0.122035748969782,0.0141207822884797,0
0.12216091384052,0.0141552669402025,0
0.122286078711258,0.0141895652218701,0
0.122411243581996,0.0142236752640253,0
0.122536408452735,0.0142575951678515,0
0.122661573323473,0.0142913230010711,0
0.122786738194211,0.0143248567985632,0
0.122911903064949,0.0143581945626108,0
0.123037067935688,0.0143913342593088,0
0.123162232806426,0.0144242738202212,0
0.123287397677164,0.014457011141095,0
0.123412562547902,0.0144895440799748,0
0.123537727418641,0.0145218704563139,0
0.123662892289379,0.01455398805135,0
0.123788057160117,0.0145858946062203,0
0.123913222030855,0.0146175878209295,0
0.124038386901594,0.0146490653533257,0
0.124163551772332,0.0146803248179279,0
0.12428871664307,0.0147113637850719,0
0.124413881513808,0.014742179779742,0
0.124539046384546,0.0147727702802437,0
0.124664211255285,0.0148031327169707,0
0.124789376126023,0.0148332644711232,0
0.124914540996761,0.0148631628733747,0
0.125039705867499,0.0148928252024829,0
